667

797 168 92
797 274 272 239 6
797 796 101 8
795 106 106
795 454 39 17
795 344 342 57 30
795 57 729 728 261 12
795 57 280 241 20
795 796 101 4
791 249 127
791 579 330 23
791 793 196 34
791 789 583 587 282 5
784 153 104
784 428 210 39
784 143 185 120 10
784 143 216 268 339 11
780 237 94
780 293 317 191 61 4
780 293 292 581 580 280 1
780 779 778 170 2
780 779 777 352 19
780 778 170 41
780 778 777 352 6
780 777 352 3
774 296 73
774 176 285 19
774 2 4 432 62 14
774 775 44 31
774 773 8 7
770 155 106
770 282 344 24
770 771 17 46
770 707 158 137 24
770 707 706 627 228 15
770 707 351 5 10 188 4
767 140 90
767 769 244 46
765 308 49
765 705 28 183 26
765 705 28 26 115 1
760 161 88
760 83 214 6
760 432 62 6
760 761 67 35
757 245 72
757 565 178 27
757 467 437 218 8
757 247 98 255 17
757 247 245 114 6
757 146 593 427 142 12
757 146 208 48 27
757 146 140 134 211 9
757 704 11 12 34 8
757 704 65 246 288 6
757 704 65 68 183 184 107 4
757 704 709 776 116 51 3
757 704 709 705 28 26 115 5
757 704 763 138 4
756 325 81
755 24 73
753 265 70
751 343 150
751 616 158 137 4
751 703 549 93 5
745 185 101
745 316 484 487 56 6
745 316 740 764 217 17
742 256 155
742 514 516 411 208 3
742 514 516 518 568 145 5
742 514 515 562 258 9
742 514 553 94 25
742 738 173 26
742 703 549 93 19
741 31 92
741 738 173 30
739 68 146
739 586 587 282 6
739 738 173 1
731 309 141
731 735 243 23
731 734 735 243 12
731 734 735 473 59 2
724 273 70
724 725 63 263 28
724 725 722 197 7
724 723 722 197 6
724 722 197 3
719 166 76
719 720 721 276 16
719 717 65 39
718 246 92
718 717 65 7
711 281 80
711 23 50 564 566 563 283 3
711 23 50 564 565 178 5
711 23 50 98 255 3
711 23 50 51 75 50 6
711 23 50 69 204 2
711 712 284 22
711 710 311 35
687 158 63
687 684 99 16
687 686 12 40
685 118 52
685 67 65 68 183 184 107 16
685 686 12 1
679 322 63
679 151 26 28
679 683 95 5 1
677 22 46
677 583 587 282 14
677 54 55 117 473 59 3
677 441 452 1 25
677 678 340 15
677 676 53 15
675 85 85
675 85 86 277 30
675 357 428 210 12
675 357 351 5 10 188 14
671 171 86
671 455 280 241 7
671 455 458 457 54 3
671 455 457 54 31
671 661 46 15
671 83 214 8
671 673 39 775 44 1
671 672 254 30
670 169 69
668 198 65
668 31 79 16
668 300 714 111 27
668 666 480 266 14
668 666 480 44 154 6
668 666 480 481 131 1
668 613 615 684 99 1
663 299 119
663 235 642 174 7
663 235 233 76 32
663 661 46 31
660 81 165
660 378 377 297 14
660 378 376 377 297 12
660 662 579 330 2
660 662 418 575 91 4
660 662 27 98 23
660 662 661 46 6
660 661 46 16
653 305 64
653 356 184 107 10
653 656 224 4
653 655 656 224 5
653 655 654 151 1
653 655 652 190 5
653 654 151 20
653 652 190 38
651 37 42
646 216 123
646 56 672 254 4
646 56 701 448 127 11
646 56 52 95 5 19
646 56 52 90 88 134 5
644 28 49
643 162 93
643 642 174 8
643 640 41 47
641 64 176
641 489 315 1
641 355 356 184 107 12
641 642 174 24
641 640 41 24
638 351 72
638 509 508 763 138 3
634 346 87
634 11 12 34 11
632 112 70
632 118 48 578 69 3
632 118 453 454 39 9
632 118 121 291 22
632 353 228 83 24
632 353 684 99 6
632 353 654 151 3
632 629 293 14
625 86 57
594 156 61
594 595 25 28
594 517 512 458 457 54 4
592 191 78
592 773 8 17
592 591 589 212 1
592 589 212 19
584 313 138
584 618 185 120 28
584 587 282 5
584 586 587 282 5
584 583 587 282 18
576 209 127
576 569 236 2
576 577 200 13
576 516 518 568 145 14
576 516 511 773 8 6
576 575 91 35
574 122 62
574 698 287 19
574 575 91 22
574 573 328 52 4
570 225 65
570 569 236 28
557 72 135
557 759 150 42
556 321 79
556 16 247 2
556 127 60 23
556 779 777 352 8
556 617 618 185 120 4
556 617 695 143 33
556 617 612 676 53 9
554 172 54
554 131 182 24
554 346 242 13
554 553 94 9
552 49 90
552 551 223 30
552 550 268 16
548 338 147
548 95 5 19
548 12 34 50
548 549 93 36
548 546 545 549 93 8
542 202 131
542 706 627 228 8
542 706 176 285 15
542 549 93 12
541 36 70
541 346 242 37
538 133 66
537 316 56
537 214 230 45 11
537 214 144 34 481 131 7
537 214 144 16 247 1
529 345 165
529 654 151 37
529 692 267 33
529 512 458 457 54 5
525 307 127
525 759 150 22
525 62 411 208 18
525 524 337 5
520 328 163
520 125 122 10 2
520 523 599 271 27
520 522 148 31
520 521 522 148 13
520 510 626 147 9
507 117 115
506 229 45
506 494 295 37
505 32 145
503 252 168
503 188 87 41
503 501 155 240 7
503 501 499 302 27
503 499 302 33
500 248 118
500 696 695 143 9
500 578 69 24
500 499 302 4
497 84 55
497 631 208 48 13
496 18 77
496 436 435 342 1
496 495 11 11
491 90 66
491 489 315 40
491 444 473 59 23
491 444 481 131 12
488 286 45
488 64 696 695 143 3
488 108 318 24
488 108 109 157 20
488 108 107 88 4
488 211 233 76 4
488 489 315 16
482 77 163
482 722 197 9
482 487 56 3
482 486 629 293 2
482 486 346 242 2
482 484 487 56 34
475 357 90
475 536 109 157 1
475 350 15 208 48 4
475 350 127 60 21
475 350 359 43 10
474 275 108
474 598 600 290 12
474 598 600 599 271 11
474 759 150 18
464 221 135
464 207 3 14
464 531 15 208 48 9
464 466 213 46
463 100 124
463 291 294 327 348 4
463 467 437 218 9
463 466 213 27
463 465 467 437 218 2
463 465 466 213 11
462 184 68
459 327 68
459 678 340 14
459 708 569 236 16
438 167 129
438 439 435 342 5
438 437 218 22
426 124 92
426 389 418 575 91 12
426 750 616 158 137 10
426 427 142 3
424 232 51
424 730 15 11
424 26 115 37
423 220 161
423 395 186 40
423 395 394 165 2
423 312 86 277 37
416 353 103
416 721 276 5
416 417 115 116 51 4
416 414 6 12
415 92 106
415 605 609 207 10
415 414 6 11
413 130 123
413 414 6 31
409 125 82
409 411 208 11
409 408 234 34
409 408 411 208 7
409 408 407 245 114 4
402 203 99
402 692 267 11
402 211 233 76 4
400 358 91
400 470 469 320 19
400 79 109 11
397 66 118
387 192 84
387 16 247 2
387 386 63 9
385 319 56
385 53 58 131 182 6
385 53 98 255 2
385 53 511 773 8 22
385 386 63 19
385 384 97 26
383 274 187
383 0 451 160 36
383 0 368 364 257 2
383 386 63 12
381 215 69
381 720 721 276 7
381 559 705 28 26 115 2
381 559 705 245 114 3
375 199 74
375 435 342 14
375 705 245 114 2
375 377 297 11
370 238 96
370 176 285 32
370 71 74 206 26
370 369 368 364 257 11
370 369 364 257 14
370 368 364 257 1
370 367 365 368 364 257 4
370 366 129 24
370 366 369 364 257 2
370 366 364 257 5
370 364 257 1
363 21 55
363 508 763 138 15
363 710 311 4
363 361 310 25
349 323 96
349 595 25 1
338 187 97
338 249 252 19 12
338 230 45 14
338 337 144 16 247 4
338 337 144 189 253 1
338 337 144 190 279 28
338 337 340 528 139 9
336 341 114
336 445 575 91 13
336 341 340 528 139 8
336 340 528 139 1
336 295 342 57 9
335 194 86
335 380 169 171 168 135 5
334 303 84
334 283 285 432 62 2
333 300 42
333 776 116 51 24
333 799 278 29
331 259 82
331 45 672 254 3
331 45 44 154 5
331 329 163 36
331 328 52 21
330 298 72
330 329 163 14
330 329 328 52 19
330 328 52 37
326 326 69
326 421 419 179 96 5
326 421 419 606 112 58 12
326 396 269 42
326 323 262 35
326 294 327 348 11
321 179 111
321 320 292 45
318 20 54
318 320 292 18
308 331 107
308 310 128 28
301 95 92
301 642 174 23
301 304 430 428 210 7
297 250 52
297 296 136 12
288 333 93
288 515 562 258 4
288 515 568 145 8
288 289 286 40 29
288 286 40 29
287 14 65
287 286 40 14
281 30 113
281 282 344 12
281 280 241 9
281 279 105 41
278 29 99
278 470 469 320 7
278 58 131 182 2
278 217 697 69 204 12
278 217 713 26 115 6
277 270 31
275 149 63
275 237 121 38
275 272 239 46
271 356 92
271 305 306 696 695 143 1
271 305 306 58 131 182 7
271 440 583 587 282 6
271 440 636 23 15
271 440 443 498 499 302 4
271 440 443 498 499 63 263 1
271 440 448 127 12
271 269 80 46
270 226 100
270 220 696 695 143 4
270 220 219 729 728 261 3
270 469 320 8
270 269 80 12
267 359 77
267 481 131 21
267 224 226 189 10
267 629 293 36
266 306 54
266 268 339 49
263 13 126
263 386 63 7
263 212 215 134 211 3
263 212 214 144 190 279 4
263 212 51 75 50 5
263 264 35 29
259 231 51
254 175 63
254 684 99 36
254 159 89 45
248 123 57
248 582 580 280 7
248 252 19 39
243 82 83
242 233 166
242 257 578 69 4
242 244 582 580 280 24
242 244 566 563 283 18
241 219 90
241 252 19 38
238 205 93
238 347 346 242 22
238 315 327 348 4
238 492 494 295 4
238 610 132 131 182 4
238 610 626 147 13
238 610 294 327 348 15
238 239 433 260 14
238 237 121 12
234 272 84
234 431 433 260 16
234 450 329 21
227 70 54
227 226 189 32
223 103 53
223 394 165 8
223 226 189 3
218 324 52
205 251 106
205 299 664 108 37
203 16 110
203 98 255 5
200 27 63
198 152 94
198 64 696 695 143 4
195 235 31
195 144 190 279 7
195 144 190 191 61 2
195 197 551 223 7
195 197 196 7 28
194 146 128
194 599 271 16
187 304 113
187 41 567 565 178 26
187 41 567 563 283 5
187 41 134 211 4
187 526 528 139 16
187 189 253 47
187 188 87 19
186 33 94
186 31 79 4
186 188 87 4
178 289 140
178 179 96 43
175 116 60
175 176 285 16
170 132 35
170 699 698 287 9
170 230 45 4
170 171 168 135 6
170 168 135 22
167 201 135
167 612 676 53 26
166 193 123
166 162 435 342 25
164 0 97
164 619 110 78 3
161 336 59
161 141 152 222 25
161 141 155 240 13
161 141 155 154 71 6
161 141 140 134 211 3
161 141 140 142 344 342 57 2
147 355 70
147 551 223 10
138 42 114
138 109 157 9
138 139 135 104 26
138 135 104 47
137 177 88
137 45 44 154 5
137 626 147 11
133 332 55
133 58 131 182 3
129 47 73
129 12 34 11
129 758 640 41 7
129 128 144 2
126 110 68
126 31 79 40
126 127 60 16
126 127 777 352 9
124 75 162
124 771 17 26
124 440 448 127 8
124 122 10 39
120 349 65
120 119 121 291 18
111 4 63
111 701 448 127 14
111 113 317 33
111 112 58 22
111 112 110 78 8
111 110 78 23
103 38 84
102 350 63
102 320 292 9
102 101 347 40
102 101 75 50 8
96 230 38
96 624 102 26
96 607 609 207 26
96 95 5 21
93 294 72
93 310 128 36
93 50 69 204 29
89 314 132
89 91 88 134 22
89 91 87 181 7
89 90 88 134 24
89 87 181 23
84 227 49
84 213 252 19 1
82 301 123
82 151 26 14
82 174 141 47
82 81 312 35
73 335 57
73 74 206 40
73 72 113 35
70 126 73
70 290 249 252 19 4
70 290 710 311 4
70 290 433 260 4
70 290 294 327 348 1
70 290 298 296 136 4
59 2 128
59 98 255 22
59 63 263 5
59 62 411 208 4
59 62 63 263 19
46 55 33
46 44 154 22
43 354 178
43 672 254 42
43 659 599 271 1
43 659 107 88 11
43 659 661 46 3
43 352 578 69 17
43 292 581 580 280 19
43 292 313 334 29
43 41 134 211 23
43 41 42 195 9
43 4 432 62 10
40 164 54
40 630 74 206 31
35 119 96
35 128 144 33
35 34 481 131 11
32 264 75
32 189 253 15
32 355 356 184 107 9
32 355 414 6 4
29 9 63
25 180 72
19 74 86
19 16 247 3
17 176 163
17 396 269 11
17 396 394 165 4
17 518 568 145 6
17 3 340 528 139 12
17 3 99 636 23 1
17 20 16 247 25
17 18 20 16 247 15
17 16 247 2
14 73 155
14 145 251 456 457 54 8
14 145 716 319 42 195 6
14 145 716 714 111 4
14 145 142 344 342 57 4
14 145 142 775 44 6
14 16 247 10
7 159 64
7 636 23 23
7 5 10 188 13
