169

130 154 58 3 6 5
130 154 14 32 8 5
130 153 6 30 5
130 152 133 11 15 5
130 151 20 84 53 10 5
130 151 0 7 17 1 5
130 129 149 42 11 5
130 129 147 27 1 5
130 129 145 10 7 5
130 129 144 78 31 11 5
130 128 142 59 5 5
130 128 127 159 13 11 5
130 127 159 13 4 5
130 127 141 41 3 5
130 127 139 37 28 5
130 126 136 153 6 1 5
130 126 134 117 64 57 1 5
130 126 134 117 48 29 2 5
130 126 131 21 4 5
130 126 129 144 78 31 1 5
130 126 128 127 139 37 2 5
130 126 128 127 139 45 39 4 5
130 126 128 127 139 44 23 4 5
130 126 128 127 138 25 6 5
130 126 128 127 137 47 1 5
130 126 128 110 43 10 5
130 65 79 49 19 5
130 65 78 31 1 5
130 21 30 7 17 6 5
130 21 27 19 15 5
130 21 27 47 35 10 5
130 21 26 1 9 5
130 8 95 89 40 21 5
130 8 88 51 8 5
130 8 1 67 107 36 5 5
130 8 1 9 12 10 5
130 1 9 12 7 5
129 144 78 31 5 1
129 144 78 7 17 2 1
129 143 44 10 1
129 142 59 15 1
129 100 107 36 1 1
129 81 62 21 1
129 80 28 6 1
125 155 159 13 5 5
125 155 157 8 3 5
125 155 156 48 22 5
125 155 103 64 57 10 5
125 153 6 42 5
125 133 11 45 5
125 132 15 8 5
125 131 21 42 5
125 131 46 62 2 2 5
125 129 80 28 29 5
125 129 53 80 28 9 5
125 128 110 43 6 5
125 128 94 16 54 9 5
125 128 43 72 14 5 5
125 128 41 9 7 5
125 128 41 35 87 5 1 5
125 100 107 36 8 5
125 100 105 58 7 5
125 100 104 18 33 5
125 35 87 5 7 5
120 158 31 33 9 5
120 158 0 7 17 12 5
120 155 103 64 57 5 5
120 155 100 104 18 1 5
120 155 94 16 54 17 5
120 155 76 7 17 2 5
120 155 31 33 14 5
120 124 38 13 5
120 124 79 49 2 5
120 121 4 22 5
120 116 22 14 5
120 102 116 22 8 5
120 102 116 73 24 29 5
120 102 103 64 57 6 5
120 102 103 58 3 4 5
120 102 101 115 50 1 5
120 102 101 113 61 2 5
120 101 113 61 23 5
120 101 112 52 10 5
120 101 111 30 3 5
120 57 46 17 5
120 57 40 64 57 4 5
120 44 23 13 5
120 33 62 2 44 5
120 21 26 1 5 5
120 1 9 12 2 5
120 1 2 143 44 7 5
120 1 2 133 11 11 5
69 101 111 30 3 5
69 101 109 142 59 1 5
69 91 26 39 5
69 90 19 7 12 5
69 89 40 38 5
69 88 51 29 5
69 88 12 104 18 11 5
69 87 5 38 5
69 71 99 0 8 5
69 71 98 20 4 5
69 71 97 60 6 5
69 71 65 78 7 17 1 5
69 71 65 73 24 6 5
69 71 65 72 14 11 5
69 70 96 56 4 5
69 68 70 96 56 3 5
69 68 70 94 16 54 4 5
69 68 70 67 107 36 11 5
69 68 70 56 96 56 9 5
69 68 67 107 36 5 5
69 68 14 32 1 5
69 67 107 36 11 5
69 66 80 28 8 5
69 65 72 14 16 5
69 65 66 80 28 4 5
69 37 47 35 5 5
69 37 40 64 57 12 5
38 155 31 33 6 5
38 103 58 3 24 5
38 103 7 17 1 5
38 85 16 18 5
38 53 80 28 15 5
38 53 79 49 8 5
38 52 119 117 48 29 6 5
38 48 29 44 5
38 40 64 57 15 5
38 39 40 64 57 4 5
38 39 40 62 2 12 5
38 39 35 87 5 9 5
38 37 40 62 2 23 5
38 37 35 87 5 5 5
38 37 35 45 39 1 5
38 36 136 153 6 13 5
38 35 45 39 19 5
38 35 44 23 1 5
38 14 32 22 5
14 32 89 3
14 132 15 4 3
14 45 39 37 3
14 31 33 41 3
3 100 104 18 2 5
3 91 26 16 5
3 60 55 17 5
3 60 40 62 2 4 5
3 60 40 59 63 3 5
3 60 40 58 3 3 5
3 55 39 35 44 23 2 5
3 37 35 44 23 8 5
3 37 30 7 17 29 5
3 23 45 24 5
3 22 98 20 7 5
3 22 33 62 2 4 5
3 21 26 1 8 5
3 21 26 45 18 34 8 5
3 21 20 84 53 5 5
3 18 34 44 5
3 17 156 48 6 5
3 17 156 58 3 4 5
3 16 54 23 5
3 15 155 31 33 6 5
3 13 87 5 17 5
3 13 87 147 27 6 5
3 2 133 11 5 5
3 2 133 59 63 5 5
3 0 7 17 35 5
3 0 2 133 59 63 1 5
3 0 2 12 104 18 8 5
