643

797 168 92
797 274 272 239 6
797 146 757 245 43
797 796 101 8
795 106 106
795 454 39 17
795 344 342 57 30
795 57 729 728 261 12
795 57 280 241 20
795 796 101 4
791 249 127
791 579 330 23
791 793 196 34
791 789 115 116 51 2
780 237 94
780 293 317 191 61 4
780 293 292 581 580 280 4
780 778 170 43
780 778 726 722 197 2
780 778 779 64 696 695 143 2
777 352 45
777 127 60 9
777 779 64 696 695 143 1
774 296 73
774 176 285 19
774 2 4 432 62 14
774 775 44 31
774 773 8 7
770 155 106
770 282 344 24
770 771 17 46
770 707 158 137 24
770 707 706 627 228 15
770 707 351 5 10 188 4
767 140 90
767 769 244 46
765 308 49
765 705 28 183 15
760 161 88
760 83 214 6
760 432 62 6
760 761 67 35
756 325 81
756 333 300 7
755 24 73
753 265 70
751 343 150
751 616 158 137 4
751 703 549 93 5
745 185 101
745 316 484 487 56 6
745 316 740 764 217 17
742 256 155
742 102 350 18
742 514 516 411 208 4
742 514 516 518 568 145 3
742 514 515 562 258 9
742 514 553 94 25
742 514 512 458 457 54 1
742 703 549 93 19
741 31 92
739 68 146
738 173 57
731 309 141
731 735 243 23
731 734 735 243 12
724 273 70
724 725 63 263 28
724 725 722 197 7
724 723 722 197 4
724 722 197 3
719 166 76
719 720 721 276 16
719 717 65 39
718 246 92
718 783 787 784 153 33
718 717 65 7
711 281 80
711 23 50 98 255 3
711 23 50 51 75 50 16
711 712 284 22
711 710 311 35
687 158 63
687 684 99 16
687 685 118 6
686 12 41
686 685 118 46
679 322 63
679 151 26 28
679 683 95 5 1
677 22 46
677 54 55 117 473 59 3
677 441 452 1 25
677 678 340 15
677 676 53 15
675 85 85
675 85 86 277 28
675 357 351 5 10 188 26
672 254 79
671 171 86
671 455 280 241 7
671 455 458 457 54 3
671 455 457 54 31
671 661 46 11
671 83 214 8
671 673 39 775 44 1
670 169 69
668 198 65
668 300 714 111 31
668 613 665 664 108 1
663 299 119
663 235 642 174 7
663 235 233 76 32
663 661 46 31
660 81 165
660 378 377 297 14
660 378 376 377 297 16
660 662 579 330 2
660 662 27 98 23
660 662 661 46 10
660 661 46 16
652 190 43
652 656 224 2
652 653 305 23
651 37 42
646 216 123
646 56 776 116 51 12
646 56 701 448 127 12
646 56 516 518 568 145 2
646 56 52 95 5 13
644 28 49
643 162 93
643 642 174 8
643 640 41 47
641 64 176
641 489 315 1
641 355 786 784 153 5
641 355 578 69 3
641 355 414 6 4
641 642 174 24
641 640 41 24
638 351 72
638 509 508 763 138 3
638 140 134 211 12
638 140 142 344 342 57 6
638 140 142 775 44 6
634 346 87
634 11 12 34 11
632 112 70
632 118 48 578 69 4
632 118 453 454 39 9
632 353 228 83 14
632 353 654 151 19
632 629 293 14
625 86 57
594 156 61
594 595 25 28
594 593 427 142 12
594 517 512 458 457 54 9
592 191 78
592 773 8 17
592 591 248 123 2
592 591 589 212 1
592 589 212 19
587 282 59
587 583 396 269 11
587 583 216 215 799 278 3
584 313 138
584 618 185 120 28
576 209 127
576 569 236 2
576 577 200 13
576 516 518 568 145 14
576 516 511 773 8 6
576 574 122 28
576 573 574 122 31
575 91 86
575 445 12 34 13
575 574 122 3
575 574 698 287 19
570 225 65
570 569 236 28
565 178 58
565 757 245 27
557 72 135
557 759 150 42
556 321 79
556 16 247 2
556 127 60 23
556 617 799 278 5
556 617 618 185 120 8
556 617 695 143 33
552 49 90
552 551 223 30
552 550 268 16
548 338 147
548 95 5 19
548 12 34 50
548 549 93 36
548 546 241 219 36
542 202 131
542 40 164 23
542 706 627 228 8
542 706 176 285 15
542 549 93 12
542 546 241 219 1
542 546 545 549 93 8
541 36 70
538 133 66
538 227 70 16
537 316 56
537 214 230 45 11
537 214 144 16 247 5
537 214 144 189 253 1
537 214 144 190 279 2
529 345 165
529 654 151 39
529 692 267 33
529 266 306 16
529 512 458 457 54 5
525 307 127
525 759 150 22
525 62 411 208 18
525 524 337 5
520 328 163
520 125 122 10 2
520 523 599 271 27
520 522 148 31
520 521 522 148 13
507 117 115
507 653 305 41
507 653 656 224 4
507 653 655 784 153 1
507 653 655 656 224 3
506 229 45
506 799 278 15
506 494 295 37
505 32 145
505 554 172 3
503 252 168
503 188 87 41
503 501 155 240 7
503 501 499 302 12
503 499 302 33
500 248 118
500 696 695 143 9
500 578 69 24
500 499 302 4
497 84 55
496 18 77
496 436 435 342 3
496 495 11 11
491 90 66
491 489 315 40
491 488 286 24
491 444 473 59 23
482 77 163
482 722 197 9
482 487 56 3
482 486 629 293 2
482 484 487 56 34
481 131 52
481 480 266 8
475 357 90
475 536 109 157 1
475 350 15 20 16 247 2
475 350 15 16 247 2
475 350 127 60 21
475 350 359 43 10
474 275 108
474 598 600 290 12
474 598 600 599 271 11
474 759 150 18
464 221 135
464 207 3 14
464 466 213 46
463 100 124
463 467 437 218 15
463 466 213 27
463 465 467 437 218 2
463 465 466 213 11
462 184 68
459 327 68
459 678 340 14
459 708 569 236 16
438 167 129
438 439 435 342 5
438 437 218 22
428 210 58
428 784 153 39
428 432 62 2
428 684 99 11
426 124 92
426 427 142 3
423 220 161
423 395 186 40
423 395 394 165 2
423 312 86 277 37
423 424 232 29
416 353 103
416 721 276 5
416 417 115 116 51 14
416 414 6 12
415 92 106
415 605 609 207 10
415 414 6 11
413 130 123
413 414 6 31
409 125 82
409 411 208 11
409 408 234 34
409 408 411 208 6
409 408 407 245 114 4
402 203 99
402 332 333 300 32
402 692 267 11
402 211 233 76 8
400 358 91
400 470 469 320 19
400 331 259 41
400 79 109 11
397 66 118
387 192 84
387 16 247 2
387 386 63 9
385 319 56
385 53 98 255 2
385 53 511 773 8 22
385 53 50 51 75 50 3
385 53 50 69 204 2
385 386 63 19
385 384 97 26
383 274 187
383 0 451 160 36
383 0 368 364 257 2
383 0 11 12 34 6
383 386 63 12
381 215 69
381 720 721 276 7
381 559 705 28 183 2
381 559 705 245 114 3
375 199 74
375 435 342 14
375 705 245 114 2
375 377 297 7
375 377 763 138 4
370 238 96
370 176 285 32
370 369 368 364 257 11
370 369 364 257 14
370 368 364 257 1
370 367 716 319 42 195 4
370 366 129 24
370 366 369 364 257 6
370 366 364 257 5
370 364 257 1
363 21 55
363 508 763 138 15
363 710 311 4
363 361 310 25
349 323 96
349 595 25 1
346 242 74
346 554 172 13
346 342 57 8
338 187 97
338 249 290 710 311 4
338 249 290 433 260 3
338 249 248 123 5
338 230 45 14
338 337 144 190 279 19
338 337 340 528 139 14
336 341 114
336 330 298 2
336 341 340 528 139 8
336 340 528 139 1
336 295 342 57 1
336 295 709 776 116 51 3
335 194 86
335 380 169 171 168 135 5
334 303 84
329 163 50
329 331 259 41
329 330 298 33
328 52 81
328 635 636 23 15
328 330 298 37
327 348 35
326 326 69
326 421 353 654 151 3
326 421 419 179 96 5
326 421 419 606 112 58 12
326 396 269 42
326 323 262 35
326 294 582 248 123 7
326 294 582 580 280 4
321 179 111
321 318 20 1
320 292 72
320 102 350 9
320 446 86 277 2
320 446 443 498 499 302 19
320 446 443 498 499 63 263 1
320 446 443 470 469 320 2
320 318 20 49
308 331 107
308 310 128 28
301 95 92
301 642 174 23
297 250 52
297 296 136 12
288 333 93
288 515 562 258 4
288 515 568 145 8
287 14 65
286 40 72
286 473 59 2
281 30 113
281 282 344 12
281 280 241 9
281 279 105 41
278 29 99
278 58 306 696 695 143 1
278 58 52 95 5 1
278 217 697 69 204 12
278 217 248 123 4
278 217 216 215 799 278 2
277 270 31
275 149 63
275 237 121 38
275 272 239 46
271 356 92
271 440 636 23 1
271 440 443 470 469 320 5
271 440 448 127 20
271 440 616 158 137 10
271 269 80 46
270 226 100
270 220 696 695 143 4
270 220 219 729 728 261 3
270 469 320 8
270 269 80 12
268 339 60
268 266 306 38
267 359 77
267 224 227 70 6
267 629 293 36
263 13 126
263 386 63 7
263 212 215 799 278 4
263 212 215 799 333 300 2
263 212 247 245 114 6
263 264 35 29
259 231 51
254 175 63
254 684 99 32
254 159 89 45
252 19 94
252 241 219 38
252 251 456 457 54 1
252 248 123 39
243 82 83
243 101 347 40
242 233 166
242 244 582 580 280 24
242 244 566 563 283 18
242 241 219 15
238 205 93
238 492 494 295 4
238 610 626 147 22
238 239 433 260 14
238 237 121 12
234 272 84
234 431 433 260 16
234 450 329 21
226 189 45
226 227 70 32
223 103 53
223 394 165 8
218 324 52
208 48 53
208 146 757 245 2
208 146 757 704 65 246 288 3
205 251 106
205 299 664 108 36
205 299 215 799 333 300 1
203 16 110
203 98 255 22
200 27 63
198 152 94
198 64 696 695 143 4
195 235 31
195 144 190 279 9
195 197 551 223 7
195 197 196 7 28
194 146 128
194 599 271 16
187 304 113
187 41 567 563 283 8
187 41 134 211 27
187 526 528 139 10
187 189 253 47
187 188 87 19
186 33 94
186 188 87 4
184 107 51
184 185 120 6
184 183 68 65 246 288 3
178 289 140
178 182 101 102 350 3
178 179 96 43
175 116 60
175 176 285 16
170 132 35
170 699 698 287 9
170 230 45 4
170 171 168 135 6
170 168 135 22
167 201 135
167 612 676 53 35
166 193 123
166 162 435 342 23
166 162 435 437 218 2
164 0 97
164 619 110 78 3
161 336 59
161 141 145 251 456 457 54 1
161 141 145 716 319 42 195 2
161 141 145 716 319 318 20 2
161 141 152 222 25
161 141 155 240 13
161 141 155 154 71 6
147 355 70
147 551 223 10
138 42 114
137 177 88
137 626 147 11
135 104 73
133 332 55
133 134 211 3
133 58 52 95 5 3
131 182 46
131 554 172 24
131 58 52 95 5 2
131 58 52 90 88 134 5
129 47 73
129 758 640 41 7
129 128 144 2
126 110 68
126 127 60 7
124 75 162
124 771 17 26
124 122 10 39
121 291 40
120 349 65
111 4 63
111 701 448 127 13
111 113 317 33
111 112 58 22
111 112 110 78 8
111 110 78 23
108 318 24
108 488 286 21
108 488 489 315 16
108 109 157 29
108 107 88 13
103 38 84
103 102 350 5
103 101 102 350 28
96 230 38
96 624 102 26
96 607 609 207 26
96 95 5 21
93 294 72
93 310 128 36
93 50 69 204 29
89 314 132
89 91 88 134 22
89 91 87 181 7
89 90 88 134 24
89 87 181 23
84 227 49
84 46 55 11
84 213 210 228 83 10
82 301 123
82 151 26 14
82 174 141 47
82 81 312 35
74 206 97
74 630 40 164 31
74 73 335 40
72 113 35
72 73 335 17
70 126 73
70 290 433 260 1
70 290 298 296 136 4
59 2 128
59 98 255 22
59 63 263 5
59 62 411 208 4
59 62 63 263 19
44 154 38
44 480 266 6
44 46 55 22
43 354 178
43 659 599 271 1
43 659 107 88 2
43 659 661 46 3
43 352 554 172 14
43 352 554 553 94 9
43 352 578 69 17
43 292 581 580 280 19
43 292 313 334 29
43 41 42 195 9
43 4 432 62 10
35 119 96
35 128 144 33
35 34 144 190 279 9
35 34 144 190 191 61 2
32 264 75
32 189 253 15
31 79 60
29 9 63
26 115 51
26 424 232 22
26 424 730 15 11
26 28 183 9
25 180 72
19 74 86
19 16 247 3
17 176 163
17 396 394 165 4
17 518 568 145 6
17 3 340 528 139 13
17 20 16 247 23
17 18 20 16 247 15
14 73 155
14 145 716 319 318 20 2
14 145 143 784 153 26
14 16 247 10
7 159 64
7 636 23 23
7 5 10 188 1
