762

1116 1121 1149 197 4 4
1116 1121 1147 35 19 4
1116 1120 1144 458 8 4
1116 1120 1143 329 4 4
1116 1120 1140 435 3 4
1116 1120 1119 1138 33 11 4
1116 1120 1119 1137 145 4 4
1116 1118 1133 48 12 4
1116 1118 1119 1137 145 3 4
1116 871 877 186 2 4
1116 782 789 270 24 4
1116 782 395 405 179 11 4
1116 770 772 118 15 4
1116 575 586 285 3 4
1116 555 804 826 101 11 4
1116 555 561 205 8 4
1116 555 560 10 3 4
1116 555 558 269 2 4
1116 86 753 769 146 21 4
1116 86 753 768 419 3 4
1116 86 724 1032 1042 247 6 4
1116 86 95 336 3 4
1116 86 94 436 2 4
1034 1150 1157 220 21 3
1034 1120 1119 1137 145 3 3
1034 1053 335 19 3
1034 1052 125 14 3
1034 1051 203 4 3
1034 1050 150 19 3
1034 1049 87 11 3
1034 1048 161 22 3
1034 1047 415 1 3
1034 1030 1038 0 3 3
1034 995 1056 1066 39 8 3
1034 995 1056 1065 193 1 3
1034 525 911 923 27 13 3
1034 525 841 850 65 7 3
1034 296 1090 1096 112 1 3
1034 296 303 398 3 3
1000 1185 1191 317 9 5
1000 1002 1014 390 6 5
1000 1002 1012 400 9 5
1000 1001 1007 309 2 5
1000 910 918 224 14 5
1000 881 1016 1028 325 1 5
1000 881 894 275 20 5
1000 626 885 914 935 213 12 5
1000 626 633 391 3 5
1000 611 618 320 6 5
1000 417 845 869 60 4 5
1000 417 845 868 244 22 5
1000 417 845 867 234 2 5
1000 417 424 461 7 5
1000 417 415 420 472 9 5
1000 359 379 128 3 5
1000 359 378 263 20 5
1000 297 1151 1164 223 13 5
1000 296 303 398 14 5
1000 246 257 166 8 5
1000 246 256 41 8 5
1000 226 236 323 2 5
1000 225 536 548 122 12 5
1000 225 526 534 190 7 5
1000 225 232 380 4 5
1000 225 230 446 1 5
1000 225 226 236 323 14 5
1000 56 1056 1065 193 1 5
1000 56 1056 1062 55 12 5
1000 56 84 303 5 5
957 1120 1119 1137 145 11 3
957 958 994 361 13 3
957 958 992 468 5 3
957 958 991 432 11 3
957 954 977 56 1 3
957 954 975 110 23 3
957 954 436 443 153 2 3
957 525 841 850 65 3 3
957 525 527 170 2 3
957 350 844 865 147 8 3
957 350 802 818 24 4 3
957 350 783 798 316 6 3
957 212 1172 1184 169 14 3
957 192 470 494 111 11 3
957 192 276 1090 1096 112 1 3
957 192 276 290 40 5 3
957 192 204 341 6 3
957 105 696 708 49 4 3
957 105 696 707 72 1 3
957 105 620 1153 1169 434 12 3
917 1091 1099 420 2 5
917 1015 1020 47 3 5
917 916 946 178 8 5
917 916 945 459 16 5
917 916 944 473 9 5
917 916 943 374 2 5
917 916 942 71 10 5
917 913 932 192 15 5
917 724 742 357 16 5
917 724 741 363 13 5
917 625 630 67 9 5
917 625 56 84 303 2 5
917 625 56 83 19 13 5
917 620 1153 1169 434 6 5
917 516 520 266 8 5
917 516 358 377 477 10 5
917 516 50 58 184 3 5
917 516 50 55 80 119 3 5
917 418 434 312 2 5
917 418 433 367 7 5
917 418 432 256 27 5
917 418 430 337 1 5
917 275 753 768 419 2 5
917 275 753 248 266 321 7 5
917 275 284 404 1 5
917 275 282 210 10 5
917 275 277 291 126 2 5
917 275 276 290 40 3 5
917 275 245 251 408 10 5
882 1185 1191 317 3 5
882 1185 1188 423 4 5
882 1115 1185 1188 423 11 5
882 1115 1125 457 18 5
882 1115 395 404 305 5 5
882 1115 395 402 229 12 5
882 900 182 2 5
882 899 348 12 5
882 898 294 11 5
882 897 364 17 5
882 896 127 19 5
882 895 204 22 5
882 880 1091 1099 420 5 5
882 880 1091 1098 464 8 5
882 880 890 217 7 5
882 880 889 382 11 5
882 880 888 330 8 5
882 880 886 242 2 5
882 725 748 105 5 5
882 725 744 64 5 5
882 570 1057 1070 121 4 5
882 570 571 438 11 5
882 570 526 533 426 5 5
882 570 276 290 40 11 5
882 570 276 289 406 3 5
882 191 1150 1157 220 5 5
882 191 1150 1155 94 6 5
882 106 536 547 13 2 5
882 106 111 174 16 5
806 834 4 13 5
806 833 403 12 5
806 832 389 24 5
806 831 78 20 5
806 830 54 12 5
806 805 845 867 234 20 5
806 804 826 101 10 5
806 802 818 24 12 5
806 802 816 442 1 5
806 801 813 412 19 5
806 801 395 402 229 10 5
806 699 719 68 4 5
806 643 840 847 98 18 5
806 643 840 130 161 359 4 5
806 643 659 296 7 5
806 643 657 311 3 5
806 626 633 391 6 5
806 537 1119 1137 145 1 5
806 537 1002 1012 400 5 5
806 537 553 226 8 5
806 537 551 218 9 5
806 537 550 130 4 5
806 56 83 19 6 5
806 56 82 328 2 5
806 56 81 352 13 5
806 56 55 80 119 7 5
771 1171 1183 445 6 5
771 1171 1178 91 13 5
771 1171 1017 1029 232 10 5
771 1171 953 972 362 14 5
771 1170 1174 431 2 5
771 1118 1119 1137 145 1 5
771 1118 752 952 969 384 5 5
771 1118 752 952 968 168 4 5
771 1118 752 763 22 1 5
771 1118 381 389 227 5 5
771 1118 381 388 63 3 5
771 1118 311 843 859 466 1 5
771 1118 311 318 319 1 5
771 1093 1107 300 3 5
771 1056 1062 55 6 5
771 1032 1042 247 2 5
771 1032 1040 102 9 5
771 915 940 351 2 5
771 915 938 353 2 5
771 915 936 405 3 5
771 883 904 96 8 5
771 835 1059 1077 104 3 5
771 835 915 936 405 1 5
771 835 880 886 242 1 5
771 835 838 257 8 5
771 835 670 693 200 9 5
771 835 670 692 340 11 5
771 800 807 326 19 5
771 800 805 845 867 234 1 5
771 800 805 828 141 13 5
771 800 801 395 402 229 1 5
771 800 193 209 315 3 5
771 800 193 208 318 3 5
771 752 763 22 2 5
771 670 692 340 8 5
771 570 276 289 406 3 5
771 498 958 991 432 3 5
771 498 951 962 441 19 5
771 498 911 923 27 5 5
771 498 512 368 8 5
771 498 511 345 1 5
771 397 410 14 4 5
771 358 377 477 13 5
771 295 301 162 3 5
771 6 32 452 7 5
722 1118 311 316 154 10 5
722 1118 311 315 2 8 5
722 751 755 89 4 5
722 725 744 64 16 5
722 723 738 7 3 5
722 723 736 277 22 5
722 720 912 926 177 11 5
722 720 912 925 195 1 5
722 720 727 66 7 5
722 720 382 391 189 14 5
722 720 382 390 465 4 5
722 557 952 968 168 14 5
722 557 952 967 289 2 5
722 557 569 76 17 5
722 397 410 14 1 5
722 321 912 925 195 5 5
722 321 327 456 1 5
722 321 250 274 414 7 5
722 321 250 273 429 6 5
722 321 250 272 202 5 5
722 321 130 161 359 4 5
722 321 3 20 286 10 5
722 321 3 19 199 1 5
722 105 620 1153 1169 434 1 5
722 105 620 1001 1007 309 1 5
722 105 620 723 736 277 4 5
722 105 620 723 733 5 9 5
722 105 620 624 163 2 5
722 105 620 623 100 5 5
722 105 620 622 386 7 5
722 105 620 621 1 1 5
722 105 382 390 465 3 5
722 105 192 204 341 3 5
722 105 192 201 440 10 5
722 87 99 327 10 5
722 87 98 253 8 5
722 87 97 86 13 5
721 1186 1194 251 25 4
721 1186 1193 437 11 4
721 885 914 935 213 6 4
721 885 909 69 2 4
721 835 670 692 340 2 4
721 835 670 691 34 11 4
721 835 525 527 170 13 4
721 835 525 5 31 140 6 4
721 835 355 363 273 1 4
721 835 212 1172 1184 169 1 4
721 835 212 221 194 2 4
721 835 192 201 440 1 4
721 835 192 199 333 7 4
721 723 733 5 15 4
721 670 689 175 6 4
721 670 688 44 10 4
721 468 490 291 3 4
721 468 487 164 11 4
721 310 1094 1109 268 11 4
721 310 415 420 472 7 4
721 310 313 198 14 4
721 0 7 371 18 4
669 1187 1198 17 4 4
669 913 932 192 10 4
669 913 470 494 111 17 4
669 805 828 141 8 4
669 668 684 369 1 4
669 668 683 6 17 4
669 668 670 688 44 2 4
669 668 665 673 413 18 4
669 668 620 621 1 3 4
669 668 333 349 90 9 4
669 667 681 265 9 4
669 666 675 233 25 4
669 666 674 221 16 4
669 555 558 269 10 4
669 555 516 50 55 80 119 1 4
669 555 516 50 55 79 254 1 4
669 380 1092 1102 214 14 4
669 380 1092 1101 358 3 4
669 380 570 276 289 406 2 4
669 380 570 276 288 138 5 4
669 380 570 276 287 245 2 4
669 55 79 254 10 4
669 55 78 12 5 4
610 1094 1109 268 12 5
610 1094 357 374 144 2 5
610 1057 1070 121 18 5
610 950 960 237 2 5
610 843 859 466 19 5
610 843 856 173 3 5
610 835 6 32 452 11 5
610 805 828 141 2 5
610 805 827 88 8 5
610 805 468 487 164 15 5
610 805 177 189 8 10 5
610 783 798 316 6 5
610 783 795 350 15 5
610 783 793 250 2 5
610 783 50 55 78 12 1 5
610 696 707 72 3 5
610 642 652 106 2 5
610 642 649 314 7 5
610 581 607 216 24 5
610 581 575 586 285 6 5
610 581 575 584 151 9 5
610 581 575 583 238 10 5
610 556 562 103 1 5
610 470 494 111 9 5
610 350 783 50 55 78 12 12 5
610 350 753 248 266 321 7 5
610 350 666 674 221 4 5
610 350 354 290 5 5
610 225 226 236 323 2 5
610 211 620 621 1 6 5
580 1152 1167 394 7 2
580 914 934 176 7 2
580 914 355 363 273 14 2
580 914 355 361 97 12 2
580 579 600 313 1 2
580 579 599 478 14 2
580 578 418 430 337 1 2
580 127 381 388 63 3 2
580 127 381 387 411 19 2
580 127 381 52 68 188 2 2
580 127 155 16 5 2
580 36 44 402 15 2
538 870 874 376 27 3
538 870 752 763 22 20 3
538 770 772 118 1 3
538 770 643 657 311 10 3
538 770 643 654 451 19 3
538 770 643 642 649 314 10 3
538 770 643 641 648 85 2 3
538 535 1056 1062 55 2 3
538 535 781 788 349 2 3
538 535 542 59 13 3
538 535 539 264 11 3
538 495 503 395 9 3
538 495 502 167 4 3
538 495 501 21 1 3
538 495 499 77 3 3
538 356 955 983 463 6 3
538 356 955 979 201 4 3
497 1185 1188 423 8 5
497 1185 844 865 147 5 5
497 1170 1174 431 23 5
497 1170 1173 123 5 5
497 1170 643 641 648 85 3 5
497 1170 643 641 647 191 4 5
497 1080 1084 274 23 5
497 1080 670 688 44 2 5
497 843 856 173 1 5
497 698 712 109 8 5
497 698 711 113 18 5
497 698 526 533 426 11 5
497 698 526 53 71 342 4 5
497 696 707 72 28 5
497 644 953 972 362 8 5
497 644 953 971 243 6 5
497 644 664 448 2 5
497 644 663 82 1 5
497 644 515 517 133 4 5
497 644 515 246 256 41 1 5
497 498 511 345 12 5
497 498 356 955 979 201 7 5
497 498 356 955 958 991 432 1 5
497 498 277 291 126 12 5
497 380 570 276 287 245 14 5
497 380 386 62 9 5
497 380 384 180 8 5
497 380 332 346 241 7 5
497 249 1172 1184 169 4 5
497 227 240 467 10 5
497 227 239 115 1 5
465 1187 1198 17 5 3
465 1121 1147 35 1 3
465 699 719 68 1 3
465 699 718 239 20 3
465 699 716 207 2 3
465 699 715 219 1 3
465 640 1152 1167 394 8 3
465 640 1152 536 547 13 2 3
465 640 1152 245 251 408 2 3
465 640 645 293 10 3
465 477 460 22 3
465 476 322 10 3
465 475 469 24 3
465 474 30 26 3
465 297 1151 1164 223 1 3
465 106 111 174 3 3
445 1120 1119 1137 145 3 5
445 1120 226 236 323 9 5
445 1033 1046 366 5 5
445 627 1187 1198 17 3 5
445 627 639 298 13 5
445 627 636 260 4 5
445 627 515 246 256 41 1 5
445 620 621 1 4 5
445 620 418 426 392 17 5
445 611 618 320 1 5
445 611 616 222 8 5
445 611 614 80 2 5
445 611 418 425 79 4 5
445 611 418 53 71 342 4 5
445 611 4 25 283 4 5
445 456 282 19 5
445 455 462 8 5
445 454 409 9 5
445 453 453 14 5
445 452 208 15 5
445 449 160 17 5
445 448 464 476 22 5
445 448 355 361 97 3 5
445 448 88 276 287 245 3 5
445 448 88 103 401 20 5
445 415 420 472 3 5
445 320 1001 1007 309 5 5
445 320 1001 1006 338 15 5
445 278 956 988 381 12 5
445 278 956 987 267 2 5
445 278 294 422 1 5
435 1016 1028 325 1 5
435 1016 1027 297 9 5
435 1016 1026 356 1 5
435 995 1056 1062 55 7 5
435 842 854 171 6 5
435 842 853 117 5 5
435 842 841 850 65 23 5
435 842 841 848 439 13 5
435 780 784 114 15 5
435 780 642 649 314 1 5
435 780 446 457 70 8 5
435 698 526 53 71 342 1 5
435 698 395 402 229 7 5
435 626 633 391 15 5
435 395 402 229 4 5
435 395 400 75 5 5
435 320 1001 1006 338 3 5
435 320 1001 667 681 265 9 5
435 320 915 936 405 8 5
435 320 781 788 349 2 5
435 250 272 202 6 5
435 250 271 310 14 5
435 250 270 387 2 5
435 227 239 115 10 5
435 190 556 562 103 1 5
435 190 247 260 124 2 5
435 190 195 372 29 5
435 190 193 208 318 9 5
435 127 155 16 8 5
435 127 154 383 5 5
435 127 153 83 10 5
435 127 134 172 131 2 5
435 127 125 141 29 4 5
435 127 125 140 196 5 5
416 1151 1164 223 4 5
416 1117 1129 51 9 5
416 1081 1087 23 24 5
416 1081 3 19 199 17 5
416 1001 667 680 50 4 5
416 1001 667 678 252 18 5
416 916 942 71 10 5
416 916 912 925 195 5 5
416 916 912 924 331 3 5
416 916 911 923 27 11 5
416 916 911 922 281 9 5
416 842 841 848 439 4 5
416 538 356 955 958 991 432 1 5
416 538 356 368 255 3 5
416 538 356 365 307 4 5
416 538 356 364 393 11 5
416 538 356 357 374 144 8 5
416 538 356 36 44 402 6 5
416 538 356 36 41 292 5 5
416 538 356 36 40 211 1 5
416 538 56 55 78 12 1 5
416 538 56 52 68 188 1 5
416 435 127 125 140 196 2 5
416 249 1172 1184 169 6 5
416 249 575 583 238 7 5
416 249 575 582 334 2 5
416 249 268 344 4 5
416 191 1150 1155 94 8 5
416 191 1150 1154 332 1 5
416 191 382 390 465 12 5
416 191 198 306 23 5
416 133 1001 667 677 92 5 5
416 133 278 294 422 7 5
416 133 168 396 11 5
398 1187 1198 17 6 4
398 1187 1197 339 9 4
398 1187 359 378 263 2 4
398 1150 1154 332 22 4
398 1150 1090 1096 112 25 4
398 844 865 147 7 4
398 844 862 410 11 4
398 844 861 324 19 4
398 844 860 240 8 4
398 835 6 32 452 11 4
398 536 547 13 4 4
398 536 546 74 13 4
398 536 544 149 12 4
398 495 499 77 3 4
398 436 443 153 2 4
398 436 442 107 4 4
398 436 441 288 14 4
398 436 440 416 13 4
398 350 354 290 4 4
398 297 1151 1164 223 1 4
396 1092 1101 358 6 5
396 1092 1030 1038 0 7 5
396 1092 1030 1036 53 10 5
396 1058 1075 36 8 5
396 1058 1073 425 8 5
396 1058 1072 470 8 5
396 1058 1071 84 6 5
396 1058 699 715 219 2 5
396 1058 699 713 397 11 5
396 884 907 42 6 5
396 665 673 413 13 5
396 665 672 373 18 5
396 665 248 266 321 10 5
396 496 910 918 224 11 5
396 496 506 450 19 5
396 496 495 499 77 15 5
396 496 278 294 422 5 5
396 397 410 14 13 5
396 320 781 788 349 14 5
396 297 1151 1164 223 3 5
396 297 1151 1161 61 1 5
396 297 436 439 158 7 5
396 297 309 152 10 5
396 297 305 433 16 5
396 297 304 388 3 5
396 297 227 239 115 6 5
396 107 447 460 172 3 5
396 36 40 211 11 5
330 1186 1193 437 8 5
330 1002 1012 400 9 5
330 1002 1010 206 7 5
330 1002 446 457 70 1 5
330 1002 446 125 140 196 9 5
330 956 987 267 13 5
330 956 985 449 6 5
330 725 744 64 7 5
330 725 743 301 12 5
330 725 724 741 363 6 5
330 725 193 208 318 5 5
330 725 193 207 120 3 5
330 695 705 18 1 5
330 695 701 81 5 5
330 695 700 407 3 5
330 576 641 647 191 7 5
330 576 641 646 99 17 5
330 576 589 278 16 5
330 576 587 187 8 5
330 466 482 295 6 5
330 466 480 26 12 5
330 340 421 24 5
330 339 3 20 5
330 338 272 8 5
330 336 225 25 5
330 335 139 12 5
228 1080 670 688 44 2 5
228 1080 670 687 347 10 5
228 1080 212 221 194 7 5
228 1080 212 219 471 23 5
228 871 877 186 5 5
228 871 395 400 75 2 5
228 871 395 277 291 126 3 5
228 871 50 55 78 12 1 5
228 871 50 55 76 427 7 5
228 871 50 54 74 385 7 5
228 871 4 25 283 4 5
228 871 4 24 137 2 5
228 871 4 22 454 5 5
228 697 1091 1098 464 7 5
228 697 995 1056 1062 55 4 5
228 697 709 183 7 5
228 570 276 287 245 2 5
228 570 193 207 120 12 5
228 570 193 206 159 7 5
228 570 175 246 256 41 3 5
228 295 301 162 14 5
228 295 299 287 6 5
228 295 298 235 21 5
228 247 260 124 7 5
228 247 258 58 28 5
228 191 198 306 6 5
228 191 193 206 159 9 5
228 191 5 31 140 8 5
228 175 246 256 41 2 5
228 175 184 479 16 5
228 175 183 428 12 5
228 175 182 475 1 5
176 995 1056 1062 55 2 3
176 995 999 262 2 3
176 995 997 308 4 3
176 995 556 562 103 10 3
176 995 469 492 447 11 3
176 883 904 96 3 3
176 883 903 379 2 3
176 870 752 763 22 5 3
176 870 515 246 255 25 2 3
176 870 515 246 253 377 11 3
176 570 175 182 475 4 3
176 467 1017 1029 232 3 3
176 467 1017 53 71 342 1 3
176 467 484 31 4 3
176 467 483 360 12 3
176 467 359 378 263 1 3
176 467 125 140 196 8 3
176 436 439 158 1 3
176 417 415 420 472 2 3
176 331 343 181 7 3
176 331 52 68 188 3 3
176 331 52 67 259 4 3
176 331 52 62 28 13 3
176 175 182 475 8 3
176 129 158 52 26 3
131 133 168 396 3 3
131 133 167 20 2 3
131 132 166 136 16 3
131 132 165 129 7 3
131 132 163 11 21 3
131 130 161 359 2 3
131 129 158 52 4 3
131 129 134 172 131 16 3
131 129 134 170 155 1 3
131 129 134 169 9 8 3
131 125 138 455 11 3
131 88 103 401 2 3
131 88 102 230 6 3
131 88 101 284 26 3
131 52 62 28 7 3
126 1171 953 971 243 6 3
126 1171 953 956 985 449 5 3
126 1171 358 377 477 1 3
126 1171 358 376 43 12 3
126 1115 395 277 291 126 2 3
126 883 903 379 14 3
126 883 902 280 4 3
126 226 236 323 3 3
126 148 209 11 3
126 147 143 21 3
126 146 185 15 3
126 145 304 19 3
126 143 37 14 3
126 128 156 134 23 3
45 1152 245 251 408 7 5
45 1119 1136 248 2 5
45 1094 357 374 144 7 5
45 1058 699 713 397 7 5
45 1017 53 71 342 5 5
45 995 357 374 144 1 5
45 995 357 373 148 25 5
45 995 357 372 45 2 5
45 995 1 12 108 9 5
45 871 4 22 454 2 5
45 871 4 21 302 5 5
45 627 515 246 253 377 1 5
45 627 515 246 252 38 13 5
45 570 175 182 475 9 5
45 570 132 163 11 8 5
45 570 36 40 211 11 5
45 557 569 76 9 5
45 557 564 73 13 5
45 557 536 544 149 7 5
45 557 415 420 472 3 5
45 557 357 372 45 6 5
45 417 415 420 472 1 5
45 417 296 303 398 1 5
45 417 36 40 211 3 5
45 350 354 290 2 5
45 350 353 95 7 5
45 350 108 123 156 1 5
45 350 108 120 142 1 5
45 211 620 418 53 70 236 13 5
45 211 620 418 53 69 271 3 5
45 211 217 46 9 5
45 210 216 249 1 5
45 210 215 354 18 5
45 210 36 5 31 140 1 5
45 210 6 32 452 4 5
45 51 61 474 4 5
45 51 60 370 25 5
45 51 59 261 1 5
45 4 21 302 3 5
35 1186 1193 437 4 5
35 1186 641 646 99 5 5
35 1093 1107 300 4 5
35 1093 1105 375 4 5
35 1093 1104 365 10 5
35 1033 1046 366 14 5
35 1033 1045 343 13 5
35 1033 1044 258 12 5
35 1033 1043 215 5 5
35 1016 1026 356 25 5
35 1016 1025 378 3 5
35 870 515 246 252 38 2 5
35 843 856 173 4 5
35 803 825 424 13 5
35 803 821 418 8 5
35 803 819 165 7 5
35 803 381 52 62 28 3 5
35 526 53 69 271 31 5
35 320 323 157 7 5
35 86 94 436 4 5
35 86 85 911 922 281 9 5
35 86 85 911 921 116 3 5
35 86 85 840 130 161 359 3 5
35 86 85 93 444 7 5
35 85 93 444 7 5
35 85 92 279 4 5
35 85 90 246 1 5
35 85 89 231 4 5
35 1 12 108 7 5
35 1 11 93 19 5
35 1 10 443 8 5
2 1121 1147 35 7 5
2 1121 1146 228 10 5
2 1055 1185 844 860 240 5 5
2 1055 1185 665 248 266 321 7 5
2 1055 1185 577 592 399 9 5
2 1055 1081 3 19 199 10 5
2 1055 1061 57 3 5
2 1055 1060 355 11 5
2 883 902 280 18 5
2 883 901 135 25 5
2 516 50 54 74 385 8 5
2 310 313 198 9 5
2 310 312 276 1 5
2 310 125 138 455 5 5
2 310 125 137 212 9 5
2 310 125 135 132 7 5
2 107 447 460 172 7 5
2 107 117 346 13 5
2 107 115 417 3 5
2 107 113 430 6 5
2 5 31 140 4 5
2 5 29 32 24 5
2 5 28 15 3 5
2 1 10 443 4 5
2 1 9 299 11 5
2 0 7 371 9 5
2 0 5 28 15 4 5
