585

797 168 92
797 796 101 8
795 106 106
795 454 39 17
795 344 342 57 30
795 57 729 728 261 8
795 796 101 4
791 249 127
791 579 330 23
791 54 677 22 13
791 793 196 34
784 153 104
784 143 145 716 367 370 238 4
784 143 145 716 714 111 22
784 786 335 194 5
778 170 43
778 726 722 197 2
778 780 237 47
778 779 366 129 24
778 779 366 370 238 2
778 779 777 352 10
778 777 352 26
775 44 38
775 142 344 342 57 6
775 774 296 31
773 8 52
773 40 164 11
773 511 578 69 7
773 511 188 87 4
773 511 53 385 319 22
773 774 296 7
770 155 106
770 771 17 46
770 707 158 137 24
770 707 701 448 127 5
770 707 351 5 10 188 14
767 140 90
767 769 244 46
765 308 49
760 161 88
760 83 214 6
760 432 62 6
759 150 82
759 761 67 35
757 245 72
757 565 178 27
757 467 437 218 8
757 146 141 152 222 25
757 146 141 155 240 19
757 146 141 161 336 1
757 146 140 134 211 3
757 704 11 12 34 8
757 704 763 138 4
756 325 81
756 333 300 7
755 24 73
753 265 70
751 343 150
751 616 158 137 4
745 185 101
745 316 484 487 56 6
745 316 740 764 217 17
742 256 155
742 102 350 18
742 514 551 223 7
742 514 515 562 258 10
742 514 553 94 25
742 738 173 26
741 31 92
741 738 173 30
739 68 146
739 738 173 1
735 243 35
731 309 141
731 732 391 774 296 2
724 273 70
724 722 197 3
719 166 76
719 720 721 276 16
719 717 65 39
718 246 92
718 717 65 7
711 281 80
711 23 385 319 7
711 23 50 564 566 563 283 2
711 23 50 564 565 178 5
711 23 50 53 385 319 8
711 23 50 69 204 2
711 335 194 29
711 712 284 22
711 710 311 35
695 143 54
695 617 556 321 33
687 158 63
687 684 99 16
687 686 12 40
685 118 52
685 67 134 211 3
685 67 65 246 288 6
685 686 12 1
679 322 63
679 151 26 28
676 53 50
676 678 340 5
676 677 22 16
675 85 85
675 85 86 277 28
675 119 604 607 96 230 6
675 357 351 5 10 188 16
675 357 351 384 97 10
671 171 86
671 661 46 11
671 83 214 8
671 672 254 30
670 169 69
663 299 119
663 661 46 31
660 81 165
660 378 377 297 14
660 378 376 377 297 12
660 662 579 330 2
660 662 27 98 23
660 662 661 46 10
660 661 46 16
653 305 64
653 656 224 4
653 655 656 224 5
653 655 654 151 1
653 655 652 190 5
653 654 151 20
653 652 190 38
651 37 42
646 216 123
646 56 672 254 4
646 56 701 448 127 12
644 28 49
644 161 336 24
643 162 93
643 642 174 8
641 64 176
641 169 380 335 194 5
641 489 315 1
641 355 786 335 194 12
641 642 174 24
640 41 78
640 642 174 7
638 351 72
638 509 508 763 138 18
638 140 134 211 9
638 140 141 161 336 5
636 23 39
634 346 87
634 11 12 34 11
632 112 70
632 118 453 454 39 8
632 118 121 291 26
632 353 228 83 24
632 353 654 151 5
632 353 190 279 4
629 293 52
629 630 40 164 8
625 86 57
595 25 29
595 593 427 142 12
595 593 12 34 3
594 156 61
594 517 591 248 123 1
592 191 78
592 54 677 22 1
592 591 248 123 1
592 591 370 238 12
592 589 212 19
587 282 59
587 583 677 22 14
584 313 138
584 618 699 698 287 9
580 280 51
580 582 248 123 7
576 209 127
576 577 200 13
576 516 411 208 13
576 516 518 568 145 7
575 91 86
575 445 453 454 39 1
575 445 12 34 8
574 122 62
574 698 287 19
570 225 65
569 236 46
557 72 135
557 666 668 198 29
557 556 321 20
554 172 54
554 131 182 24
554 553 94 9
552 49 90
552 551 223 30
552 550 268 16
549 93 80
549 545 546 241 219 8
548 338 147
548 12 34 50
548 546 241 219 36
542 202 131
542 40 164 4
542 706 627 228 23
541 36 70
538 133 66
537 316 56
537 214 230 45 11
537 214 144 195 235 8
529 345 165
529 654 151 35
529 692 267 33
529 266 306 16
528 139 46
525 307 127
525 62 411 208 18
525 524 337 5
520 328 163
520 125 122 10 2
520 523 599 271 27
520 522 148 31
520 521 522 148 13
520 510 626 147 20
507 117 115
506 229 45
506 799 278 15
506 494 295 37
505 32 145
505 413 130 50
503 252 168
503 188 87 41
503 501 155 240 1
503 501 155 154 71 6
503 499 302 33
500 248 118
500 578 69 24
500 499 302 4
497 84 55
496 18 77
496 436 435 342 1
496 495 11 11
491 90 66
491 489 315 40
488 286 45
488 108 318 24
488 108 109 157 20
488 108 107 88 4
488 489 315 16
482 77 163
482 722 197 3
482 487 56 3
482 484 487 56 34
481 131 52
481 480 266 14
481 480 44 154 6
475 357 90
475 536 109 157 1
475 350 359 43 10
475 350 362 363 21 10
474 275 108
474 598 600 290 12
474 598 600 599 271 11
474 335 194 6
473 59 28
469 320 34
464 221 135
464 207 3 14
464 531 2 774 296 14
464 466 213 46
463 100 124
463 467 437 218 9
463 466 213 27
463 465 467 437 218 2
463 465 466 213 11
462 184 68
459 327 68
459 678 340 14
457 54 51
438 167 129
438 439 435 342 5
438 437 218 22
433 260 34
433 432 62 8
428 210 58
428 684 99 11
426 124 92
426 389 293 780 237 2
426 427 142 3
423 220 161
423 312 86 277 37
423 424 232 29
416 353 103
416 721 276 5
416 413 130 42
415 92 106
415 605 609 207 20
414 6 58
414 413 130 31
409 125 82
409 411 208 8
409 408 234 34
402 203 99
402 332 333 300 8
402 692 267 11
400 358 91
400 79 109 11
397 66 118
396 269 53
396 394 165 14
395 186 40
387 192 84
386 63 47
386 385 319 19
386 384 97 13
383 274 187
383 0 451 160 36
383 384 97 1
381 215 69
381 720 721 276 7
375 199 74
375 435 342 14
375 377 297 11
364 257 40
364 370 238 1
364 368 370 238 1
364 366 370 238 5
361 310 25
349 323 96
346 242 74
346 342 57 8
338 187 97
338 249 290 710 311 7
338 249 248 123 5
338 230 45 14
338 337 144 195 235 1
338 337 144 189 253 1
338 337 144 190 279 25
336 341 114
336 330 298 16
336 295 335 194 12
336 295 342 57 1
334 303 84
334 335 194 8
331 259 82
331 45 672 254 3
331 45 44 154 5
331 330 298 19
331 329 163 48
328 52 81
328 330 298 37
328 329 163 2
327 348 35
326 326 69
326 421 419 179 96 5
326 421 419 606 609 207 11
326 421 419 606 607 96 230 4
326 323 262 35
321 179 111
320 292 72
320 446 86 277 2
320 446 441 677 22 2
320 446 441 677 678 340 10
320 446 441 452 1 17
318 20 54
318 319 42 195 6
308 331 107
308 310 128 28
301 95 92
301 642 174 23
301 303 613 668 198 1
297 250 52
297 296 136 12
288 333 93
288 515 562 258 3
288 515 566 563 283 1
288 515 568 145 8
287 14 65
286 40 72
286 289 769 44 154 5
282 344 36
281 30 113
281 279 105 41
280 241 36
278 29 99
278 58 131 182 2
278 217 697 69 204 12
278 217 248 123 4
278 217 380 335 194 2
277 270 31
272 239 52
272 275 149 25
272 216 215 799 278 8
271 356 92
271 305 306 58 131 182 13
271 440 443 498 499 302 2
271 440 443 351 384 97 2
271 440 441 452 1 8
271 440 448 127 20
271 440 616 158 137 6
271 269 80 46
270 226 100
270 220 219 729 728 261 7
270 269 80 12
268 339 60
268 609 207 5
268 266 306 38
267 359 77
263 13 126
263 212 215 799 278 6
263 212 215 799 333 300 3
263 264 35 29
259 231 51
254 175 63
254 684 99 32
254 159 89 45
252 19 94
252 241 219 31
252 248 123 39
245 114 15
243 82 83
242 233 166
242 244 566 563 283 18
242 241 219 15
238 205 93
238 492 494 295 4
238 610 132 131 182 4
238 610 624 102 26
238 610 626 147 2
237 121 50
237 275 149 38
237 568 145 12
234 272 84
234 450 329 21
233 76 40
227 70 54
226 189 45
223 103 53
218 324 52
208 48 53
205 251 106
205 299 664 108 37
203 16 110
200 27 63
198 152 94
196 7 28
196 197 195 235 22
194 146 128
194 599 271 16
187 304 113
187 41 567 565 178 26
187 41 567 563 283 5
187 41 134 211 4
187 189 253 47
187 188 87 19
186 33 94
186 300 668 198 19
185 120 42
184 107 51
178 289 140
178 179 96 43
176 285 82
176 774 296 19
176 370 238 32
175 116 60
170 132 35
170 230 45 4
170 171 168 135 11
170 168 135 22
167 201 135
167 612 617 556 321 13
166 193 123
166 165 141 161 336 2
166 162 435 342 25
164 0 97
147 355 70
147 551 223 10
138 42 114
138 109 157 9
137 177 88
137 626 147 11
135 104 73
133 332 55
133 58 131 182 3
129 47 73
129 128 144 2
127 60 60
127 777 352 9
127 556 321 11
126 110 68
124 75 162
124 363 21 21
124 771 17 26
124 440 616 158 137 4
124 122 10 39
120 349 65
120 119 604 607 96 230 7
120 119 121 291 14
116 51 31
116 776 333 300 24
113 317 33
113 112 58 30
111 4 63
111 701 448 127 8
111 701 715 714 111 8
110 78 34
110 112 58 4
103 38 84
103 363 21 20
101 347 40
101 75 50 19
101 102 350 45
98 255 49
95 5 60
95 96 230 21
93 294 72
93 310 128 36
93 50 69 204 29
89 314 132
89 90 88 134 24
87 181 30
87 91 90 88 134 5
87 91 88 134 22
84 227 49
82 301 123
82 151 26 14
82 780 237 45
82 174 141 47
82 81 312 35
74 206 97
74 630 40 164 31
74 73 335 40
74 71 370 238 31
72 113 35
72 73 335 17
72 71 370 238 8
70 126 73
70 290 710 311 1
70 290 710 363 21 4
70 290 298 296 136 4
63 263 53
63 499 302 29
63 725 722 197 17
63 62 411 208 4
59 2 128
46 55 33
46 44 154 22
43 354 178
43 672 254 42
43 659 599 271 1
43 659 107 88 11
43 659 661 46 3
43 352 578 69 17
43 292 590 589 212 1
43 292 313 334 29
43 41 134 211 23
43 41 42 195 9
43 4 432 62 18
35 119 96
35 128 144 33
35 34 144 190 279 10
35 34 144 190 191 61 1
32 264 75
32 189 253 15
32 355 786 335 194 7
31 79 60
31 668 198 16
29 9 63
28 183 26
26 115 51
26 424 232 22
26 424 730 15 11
25 180 72
19 74 86
17 176 163
17 518 568 145 6
16 247 64
16 556 321 2
16 144 190 191 61 5
14 73 155
14 145 716 714 111 1
14 145 141 161 336 27
7 159 64
7 5 10 188 1
