478

576 587 528 206 7 2
576 586 135 17 2
576 583 234 7 2
576 581 108 17 2
576 578 594 57 15 2
575 580 215 14 3
575 579 599 479 96 2 3
575 578 594 57 8 3
575 578 594 275 219 1 3
575 578 592 91 21 3
575 578 579 599 479 96 3 3
575 578 579 598 81 12 3
575 577 590 102 3 3
575 136 162 84 27 2 3
575 121 127 20 8 3
575 121 51 58 555 99 18 3
575 121 51 56 200 6 3
548 564 39 36 5
548 561 54 19 5
548 560 160 20 5
548 549 569 111 9 5
548 545 552 402 204 15 5
548 458 474 19 7 5
548 458 473 23 11 5
548 458 433 449 191 3 5
548 458 310 549 569 111 3 5
548 458 280 286 13 3 5
548 385 577 590 102 14 5
548 28 45 150 4 5
539 4 57 2
539 406 137 18 2
530 55 21 0
530 21 172 2 0
523 176 46 3
523 162 84 27 9 3
523 158 72 31 3
516 544 173 41 5
516 513 536 560 160 15 5
516 513 536 469 133 4 5
516 513 535 83 190 2 5
516 513 511 528 206 20 5
516 511 528 206 15 5
516 511 527 22 19 5
516 385 577 589 41 15 5
516 385 397 429 481 220 3 5
516 385 397 428 34 3 5
514 541 218 4 4
514 540 51 29 4
514 540 40 32 21 4
514 512 301 497 509 202 6 4
514 85 497 509 202 3 4
514 85 356 383 31 4 4
514 85 282 294 21 5 4
514 85 89 95 3 4
514 60 577 589 41 15 4
514 60 476 487 78 24 4
514 3 310 549 569 111 1 4
514 3 19 63 6 4
510 526 131 23 5
510 526 574 134 17 5
510 525 329 175 2 5
510 522 474 19 7 5
510 520 11 36 5
510 520 128 566 8 7 5
510 515 542 146 7 5
510 512 301 497 509 202 3 5
510 512 301 308 203 3 5
510 512 301 305 233 2 5
510 301 305 233 2 5
510 283 298 38 24 5
495 578 579 598 81 3 5
495 499 113 11 5
495 498 590 102 43 5
495 496 508 112 26 5
495 496 255 265 17 9 5
495 310 549 569 111 3 5
495 310 549 568 16 10 5
495 310 549 567 186 8 5
495 258 273 36 13 5
495 258 272 217 42 1 5
495 166 173 8 184 9 5
495 60 476 487 78 3 5
495 60 476 487 592 91 6 5
495 60 356 383 31 3 5
495 1 11 25 1 5
478 494 573 210 14 2
478 458 280 286 13 17 2
478 458 280 286 196 85 9 2
478 458 280 284 212 1 2
478 458 280 282 294 21 6 2
478 458 90 545 552 402 204 2 2
478 354 374 230 1 2
478 301 305 233 15 2
478 134 154 374 230 1 2
478 134 153 98 1 2
477 490 185 33 3
477 490 21 172 2 3
477 489 164 2 3
477 476 487 592 91 2 3
477 476 487 246 239 2 3
477 301 305 233 9 3
477 301 300 303 62 8 3
477 60 356 383 31 6 3
477 60 282 294 21 8 3
477 60 282 293 151 3 3
477 60 282 292 157 5 3
475 482 193 23 6
475 481 220 42 6
475 479 96 14 6
475 223 576 578 579 598 81 4 6
475 223 576 578 320 329 175 12 6
475 96 103 125 1 6
475 65 545 552 402 204 3 6
475 65 432 442 109 9 6
475 65 355 380 205 13 6
475 65 324 343 120 11 6
475 65 206 213 229 9 6
475 1 11 25 6 6
475 1 10 216 107 11 6
475 1 9 213 17 6
457 469 133 27 4
457 468 192 11 4
457 466 47 21 4
457 466 103 125 6 4
457 458 90 545 551 45 4 4
457 458 90 282 292 157 17 4
457 458 90 255 265 17 2 4
457 283 298 38 3 4
457 283 298 77 15 1 4
457 165 256 267 10 5 4
457 165 168 153 98 9 4
457 165 167 73 6 4
457 165 51 56 200 2 4
457 28 45 150 1 4
456 464 552 402 204 10 3
456 464 452 374 230 10 3
456 463 46 11 3
456 462 47 87 3 3
456 259 276 479 96 17 3
456 259 275 219 2 3
456 259 255 265 17 25 3
456 259 255 264 136 4 3
456 71 497 509 202 2 3
456 71 397 428 34 2 3
431 458 90 255 264 136 7 7
431 458 70 323 339 82 11 7
431 458 70 323 337 235 1 7
431 458 70 323 336 58 9 7
431 458 70 73 327 225 11 7
431 434 454 216 25 7
431 434 451 64 6 7
431 430 436 165 16 7
431 430 433 449 191 22 7
431 430 433 447 123 196 5 7
431 255 264 136 4 7
431 177 194 329 175 2 7
431 177 193 14 10 7
431 177 192 313 101 3 7
431 166 173 8 184 9 7
431 166 170 56 23 7
431 85 89 95 12 7
431 85 87 482 193 1 7
431 85 87 122 94 18 7
423 170 32 1
423 580 215 4 1
423 331 65 12 1
413 50 22 1
413 314 26 11 1
413 314 52 66 3 1
401 86 24 1
401 186 236 11 1
401 151 24 1 1
393 497 509 202 21 5
393 409 5 3 5
393 408 161 14 5
393 407 198 30 5
393 406 137 3 5
393 396 421 386 9 30 5
393 396 420 90 3 5
393 390 434 451 64 1 5
393 390 434 450 140 289 71 4 5
393 390 399 37 1 5
393 390 398 138 8 5
393 322 334 429 481 220 10 5
393 255 264 136 11 5
392 405 411 366 232 1 2
392 396 420 90 8 2
392 396 416 217 2 2
392 394 414 142 6 2
392 394 412 119 3 2
392 394 411 219 238 19 2
392 394 166 170 56 7 2
392 394 166 4 22 199 1 2
392 394 4 22 199 1 2
392 394 4 21 172 3 2
392 255 264 136 3 2
392 255 264 451 64 7 2
392 255 263 3 2 2
391 546 549 567 186 4 1
391 546 515 542 146 1 1
391 546 515 511 527 22 2 1
391 546 515 511 527 436 165 7 1
391 546 310 549 567 186 3 1
391 546 310 549 566 8 1 1
391 402 204 14 1
391 352 367 81 97 3 1
391 350 577 589 41 3 1
391 350 577 589 574 134 4 1
387 222 61 3
387 595 74 14 3
387 385 397 428 34 4 3
387 385 353 370 123 12 3
384 79 31 1
384 319 70 7 1
365 75 30 1
365 182 163 18 1
351 511 527 375 224 4 6
351 366 232 18 6
351 364 207 15 6
351 362 177 20 6
351 362 297 216 107 7 6
351 361 182 24 6
351 360 6 80 35 6
351 355 380 205 2 6
351 355 379 84 10 6
351 355 378 53 11 6
351 355 376 145 4 6
351 353 370 123 15 6
351 324 343 120 3 6
351 221 234 154 5 6
345 561 54 10 1
345 502 188 39 1
344 0 58 4
344 483 92 35 4
344 410 436 165 28 4
322 334 429 481 220 6 5
322 333 141 30 5
322 332 153 15 5
322 331 65 10 5
322 320 329 175 9 5
322 179 198 118 8 5
322 179 197 223 17 5
322 179 196 85 21 5
322 97 109 49 19 5
322 1 9 213 9 5
322 1 9 586 135 4 5
322 1 7 148 1 5
321 434 450 140 289 71 11 4
321 432 442 109 4 4
321 432 441 115 7 4
321 330 416 217 16 4
321 324 343 120 2 4
321 324 342 155 22 4
321 324 342 375 224 14 4
321 324 320 329 175 2 4
321 324 320 329 555 99 2 4
321 324 320 328 598 81 6 4
321 90 255 263 3 2 4
321 90 255 261 110 13 4
321 90 255 260 129 14 4
321 90 94 43 10 4
290 7 31 1
290 112 156 12 1
271 128 20 1
271 533 60 12 1
271 331 65 1 1
271 331 436 165 2 1
257 270 18 3 2
257 269 522 474 19 22 2
257 268 201 20 2
257 268 528 206 2 2
257 121 51 56 200 6 2
257 97 109 49 6 2
257 97 108 106 3 2
257 97 106 30 3 2
257 90 94 43 3 2
257 60 282 292 157 7 2
254 28 54 3
254 376 145 10 3
254 373 117 31 3
236 179 40 2
236 159 100 24 2
224 280 282 292 157 2 4
224 246 239 17 4
224 244 104 5 4
224 243 130 45 4
224 242 359 209 22 4
224 221 234 154 2 4
224 221 233 211 15 4
224 51 56 200 11 4
224 51 54 114 3 4
223 576 578 320 328 598 81 8 5
223 576 578 97 106 30 1 5
223 576 545 551 45 16 5
223 311 319 70 13 5
223 256 267 10 5 5
223 256 266 159 28 5
223 240 52 18 5
223 239 122 20 5
223 226 550 574 134 2 5
223 226 550 574 398 138 5 5
223 226 550 573 210 3 5
223 226 550 320 328 598 81 1 5
223 226 550 320 328 498 590 102 1 5
223 226 253 20 6 17 5
223 226 252 189 2 5
223 226 221 233 211 1 5
223 221 233 211 8 5
222 432 441 115 6 3
222 432 440 12 11 3
222 432 433 445 183 11 3
222 432 433 444 44 14 3
222 238 168 12 3
222 237 227 32 3
222 225 247 243 130 3 3
222 225 247 243 509 202 8 3
222 60 282 292 157 1 3
214 454 216 46 2
214 76 228 28 2
207 350 577 589 574 398 138 2 4
207 350 577 579 598 81 4 4
207 350 359 209 16 4
207 350 358 126 6 4
207 350 354 374 230 6 4
207 350 354 373 117 2 4
207 350 180 202 169 2 4
207 300 303 62 4 4
207 219 238 9 4
207 217 42 26 4
207 216 107 20 4
207 120 545 551 45 3 4
207 120 126 181 8 4
207 27 41 586 135 9 4
207 0 547 558 171 7 4
205 281 289 71 4 4
205 281 288 93 7 4
205 281 282 292 157 1 4
205 259 255 260 129 8 4
205 211 147 33 14 4
205 208 272 217 42 12 4
205 176 190 460 231 12 4
205 176 190 83 190 7 4
205 176 188 103 2 4
205 166 4 21 172 2 4
205 136 162 84 27 4 4
205 136 160 127 17 4
205 90 94 43 16 4
205 90 91 471 124 35 4 4
205 90 51 54 114 14 4
187 1 69 3
187 445 183 8 3
187 139 208 23 3
178 576 545 551 45 6 2
178 325 349 187 5 2
178 221 233 211 4 2
178 221 95 100 158 15 2
178 221 25 37 88 7 2
178 221 25 37 590 102 1 2
178 221 25 35 152 1 2
178 195 428 34 2 2
178 180 202 169 4 2
178 180 200 162 12 2
178 97 106 30 14 2
175 550 320 328 498 590 102 2 4
175 550 320 328 498 590 234 154 2 4
175 550 320 327 225 4 4
175 550 320 326 237 4 4
175 310 549 566 8 16 4
175 310 316 329 555 99 4 4
175 310 315 2 12 4
175 310 313 101 6 4
175 283 298 77 15 8 4
175 187 139 208 2 4
175 186 236 3 4
175 185 139 25 4
175 185 303 62 3 4
175 183 124 4 4
175 176 188 103 8 4
175 70 73 327 225 16 4
175 1 7 148 4 4
144 571 144 26 1
141 221 70 4
141 489 164 19 4
141 489 398 138 4 4
141 336 58 23 4
133 176 188 103 14 4
133 176 188 590 234 154 9 4
133 151 24 10 4
133 150 149 4 4
133 148 303 62 24 4
133 147 33 8 4
133 136 160 127 14 4
133 136 159 100 1 4
133 132 146 59 25 4
133 132 145 291 29 5 4
133 132 145 52 66 6 4
133 132 142 291 29 5 4
119 69 75 3
119 582 246 239 25 3
98 356 383 31 13 3
98 117 53 143 14 3
98 116 195 29 3
98 116 238 168 2 3
98 115 284 212 8 3
98 114 194 329 555 99 9 3
98 112 156 7 3
98 111 77 4 3
88 48 44 2
88 377 174 10 2
88 94 291 29 9 2
72 476 487 246 239 5 5
72 476 484 105 24 5
72 476 484 447 123 196 4 5
72 356 383 31 10 5
72 356 382 89 4 5
72 220 229 214 7 5
72 220 227 371 197 7 5
72 84 27 45 5
72 83 190 7 5
72 81 97 37 5
71 397 428 34 16 6
71 397 427 166 12 6
71 397 425 226 1 6
71 80 178 23 6
71 78 580 215 14 6
71 77 15 11 6
71 76 228 31 6
71 75 68 16 6
71 65 206 213 229 11 6
71 65 120 126 181 4 6
71 65 120 124 35 1 6
71 65 120 123 196 3 6
71 65 120 122 94 1 6
71 65 68 168 153 98 5 6
71 65 66 76 24 6
60 282 292 157 14 4
60 282 291 29 3 4
60 64 40 15 4
60 63 132 7 4
60 62 121 30 4
60 61 116 9 4
60 61 211 147 33 9 4
60 61 52 66 3 4
60 4 21 172 9 4
60 4 20 6 21 4
60 4 2 13 194 5 4
50 354 373 117 9 4
50 354 371 197 17 4
50 53 143 15 4
50 53 38 147 34 4
50 52 66 48 4
49 249 83 38 1
49 8 184 11 1
47 87 76 3
47 7 148 24 3
29 385 353 370 123 11 5
29 385 179 196 85 16 5
29 221 25 35 152 8 5
29 51 54 114 6 5
29 48 292 157 39 5
29 28 45 150 28 5
29 27 41 586 135 5 5
29 27 40 32 2 5
29 27 39 180 15 5
29 27 25 35 152 3 5
29 27 25 30 167 12 5
3 19 63 34 3
3 18 383 31 42 3
3 16 140 16 3
3 15 67 8 3
0 547 558 171 14 4
0 547 555 99 6 4
0 131 355 376 145 4 4
0 131 355 375 224 11 4
0 131 355 375 564 39 9 4
0 6 80 41 4
0 5 61 13 4
0 2 13 194 25 4
