618

799 218 38 2
799 787 786 796 272 1 2
799 787 750 755 100 23 2
799 787 637 786 796 272 5 2
799 787 637 647 12 8 2
799 787 637 645 246 1 2
799 787 637 644 160 3 2
799 787 276 338 357 130 8 2
799 332 43 12 2
799 332 317 333 46 1 2
797 162 52 3
797 787 276 338 357 130 3 3
797 787 276 285 215 11 3
797 787 276 283 208 8 3
797 787 32 47 271 254 10 3
797 741 186 9 3
797 175 549 108 25 3
797 175 549 536 751 759 273 2 3
797 175 342 197 6 3
797 175 170 316 327 310 7 3
797 175 170 174 131 7 3
797 120 108 653 668 124 5 3
797 120 108 122 201 5 3
782 64 40 2
782 772 781 7 15 2
782 240 227 652 663 66 7 2
782 240 227 241 260 8 2
782 240 227 193 208 118 3 2
782 27 81 27 2
776 23 40 2
776 771 770 560 569 253 2 2
776 771 770 487 497 178 2 2
776 771 753 785 788 65 6 2
776 771 753 765 157 20 2
776 743 708 742 214 7 2
776 390 380 603 619 49 6 2
776 390 380 603 617 38 6 2
776 390 103 54 120 8 2
776 390 103 3 111 3 2
760 193 47 2
760 796 272 6 2
760 751 759 273 12 2
760 751 67 81 566 159 11 2
760 274 254 579 598 766 301 4 2
760 274 254 579 598 513 57 7 2
760 274 254 579 596 291 3 2
760 274 254 273 210 10 2
748 74 22 3
748 745 749 293 8 3
748 597 579 596 291 6 3
748 597 579 595 229 15 3
748 597 579 594 591 16 4 3
748 597 579 593 132 9 3
748 597 579 575 584 117 1 3
748 491 152 18 3
748 491 486 492 278 7 3
748 491 486 488 498 54 120 2 3
748 491 444 428 140 147 533 185 2 3
748 491 444 428 140 141 154 110 3 3
748 491 444 428 140 141 152 156 8 3
715 150 30 2
715 702 708 742 214 3 2
715 702 707 741 186 16 2
715 702 653 668 124 7 2
715 702 653 487 497 178 1 2
715 702 653 487 496 283 1 2
715 223 82 37 2
715 223 216 224 212 5 2
714 237 67 4
714 702 653 487 496 283 24 4
714 702 653 316 326 89 3 4
714 702 653 190 195 266 6 4
714 702 227 193 208 118 15 4
714 438 129 36 4
714 59 39 26 4
714 59 35 58 19 1 4
712 284 50 2
712 701 711 69 17 2
712 701 702 227 141 151 80 1 2
712 701 702 31 45 21 10 2
712 701 508 527 274 9 2
712 687 673 689 123 6 2
712 493 486 488 498 54 120 2 2
712 493 486 21 538 556 204 5 2
709 40 43 2
709 700 708 742 214 11 2
709 700 253 271 254 1 2
709 700 253 269 230 7 2
709 700 141 151 80 4 2
709 423 32 12 2
709 347 224 17 2
709 123 232 184 5 2
698 33 35 3
698 691 699 135 14 3
698 691 690 695 128 2 3
698 691 650 655 48 3 3
698 691 535 540 318 11 3
698 691 535 539 559 35 4 3
698 290 36 21 3
698 290 277 291 180 9 3
698 258 250 690 695 128 6 3
698 258 250 690 693 169 12 3
698 258 250 259 122 201 1 3
696 59 52 3
696 691 535 539 559 35 7 3
696 691 508 527 274 13 3
696 624 620 785 788 65 2 3
696 624 620 622 188 5 3
696 624 620 601 609 240 6 3
696 624 620 601 608 252 8 3
696 624 620 601 277 291 180 8 3
696 234 115 15 3
696 234 226 239 61 3 3
685 304 52 2
685 673 689 123 7 2
685 673 684 9 8 2
685 673 683 302 15 2
685 369 361 539 559 35 12 2
685 369 361 539 558 170 3 2
685 58 19 3 2
679 148 60 3
679 671 678 303 1 3
679 671 670 674 225 5 3
679 671 462 471 286 8 3
679 671 381 396 311 4 3
679 671 302 314 172 2 3
679 466 234 41 3
679 343 335 635 107 625 627 198 6 3
679 343 335 635 107 115 3 1 3
665 29 66 4
665 652 663 66 15 4
665 652 662 125 15 4
665 348 336 349 233 1 4
665 348 336 338 357 130 2 4
665 348 255 250 259 122 201 15 4
665 348 255 250 253 269 230 1 4
665 348 255 250 253 268 107 10 4
665 114 85 13 4
665 114 106 112 136 14 4
665 7 56 24 4
665 7 610 93 16 4
665 7 0 6 612 116 1 4
665 7 0 3 111 7 4
658 264 40 2
658 651 661 176 29 2
658 651 661 393 231 7 2
658 651 659 207 6 2
658 651 620 360 364 145 2 2
658 349 233 15 2
639 244 40 2
639 669 102 19 2
639 669 154 110 8 2
639 635 107 115 3 10 2
639 635 71 193 208 118 3 2
639 635 71 193 207 142 5 2
639 635 71 102 86 15 2
629 113 22 3
629 626 634 313 14 3
629 626 634 569 253 10 3
629 626 633 45 21 3 3
629 626 631 238 16 3
629 626 630 42 449 91 7 3
629 604 45 6 3
629 430 119 16 3
629 430 425 636 641 25 247 2 3
629 430 425 636 640 211 12 3
629 430 425 576 586 105 5 3
629 430 425 576 585 101 4 3
629 430 425 435 710 67 7 3
610 93 25 0
606 173 36 3
606 795 786 796 272 17 3
606 795 786 704 728 22 12 3
606 795 239 61 2 3
606 600 636 640 153 141 151 80 2 3
606 600 636 562 573 354 183 3 3
606 600 636 141 151 80 8 3
606 600 607 206 312 21 3
606 600 604 45 9 3
606 600 21 538 556 204 2 3
606 12 2 752 762 167 155 4 3
606 12 2 229 249 13 6 3
570 267 39 1
570 561 277 291 180 4 1
570 561 229 249 13 4 1
570 242 228 244 270 3 1
550 144 55 3
550 764 154 13 3
550 764 752 762 167 155 1 3
550 536 751 67 81 566 159 1 3
550 536 751 67 80 295 16 3
550 536 544 412 262 11 3
550 536 537 554 122 7 3
550 536 537 538 556 204 2 3
550 536 485 490 136 83 2 3
550 536 371 785 788 65 5 3
550 536 371 377 98 4 3
550 101 784 772 781 7 3 3
550 101 784 166 127 17 3
550 101 71 102 86 7 3
550 13 724 703 722 265 6 3
543 37 49 3
543 675 222 38 3
543 675 670 674 225 4 3
543 536 371 377 98 6 3
543 536 371 375 191 16 3
543 95 97 16 3
541 50 39 2
541 535 539 558 170 17 2
541 535 539 557 99 9 2
541 535 142 157 261 4 2
541 535 67 80 295 9 2
541 53 5 18 2
541 53 34 52 294 1 2
533 185 25 0
530 104 40 3
530 511 149 39 3
530 511 505 538 556 204 1 3
530 511 505 513 57 4 3
530 510 705 730 70 1 3
530 510 705 707 741 186 3 3
530 510 705 704 728 22 5 3
530 510 705 704 727 141 5 3
530 510 534 26 5 3
529 276 40 3
529 509 510 534 26 13 3
529 509 510 533 185 4 3
529 509 487 496 283 6 3
529 509 108 122 201 8 3
529 509 108 118 122 201 4 3
529 509 108 117 30 3 3
529 16 15 602 613 90 11 3
529 16 15 575 584 117 7 3
529 16 15 575 582 55 7 3
529 16 15 426 602 613 90 1 3
529 16 15 426 602 612 116 2 3
529 16 15 426 602 611 0 12 3
529 16 15 194 212 194 1 3
519 257 41 1
519 667 176 80 295 6 1
519 507 745 749 293 2 1
519 14 2 229 249 13 1 1
516 182 51 3
516 564 560 569 253 4 3
516 564 560 566 159 23 3
516 564 560 563 106 4 3
516 505 513 57 7 3
516 505 512 52 3 3
516 505 508 527 274 14 3
516 505 506 517 298 6 3
516 373 371 375 191 7 3
516 373 371 370 602 611 0 2 3
516 373 371 370 576 585 101 3 3
516 373 371 370 191 200 181 3 3
516 373 371 370 191 199 58 1 3
516 272 254 273 210 5 3
516 159 716 717 402 235 263 7 3
516 159 716 702 31 45 21 5 3
516 159 143 165 24 3 3
502 143 45 2
502 488 498 54 120 35 2
502 396 311 20 2
482 165 54 2
482 464 483 133 11 2
482 464 462 471 286 9 2
482 464 460 466 234 2 2
482 464 460 465 73 161 5 2
482 464 173 578 592 315 8 2
482 464 145 786 704 727 141 3 2
482 11 250 8 2
481 76 68 3
481 735 731 705 704 727 141 11 3
481 735 731 705 487 496 283 1 3
481 735 706 576 585 101 1 3
481 735 706 576 275 280 226 4 3
481 689 123 35 3
481 464 145 786 704 727 141 7 3
481 464 145 560 563 106 2 3
481 464 145 169 236 18 3
481 464 145 141 151 80 3 3
477 147 43 1
477 409 384 445 449 91 1 1
477 409 384 408 177 6 1
474 309 29 1
474 463 473 28 13 1
474 463 427 445 449 91 1 1
474 94 70 252 266 297 2 1
454 73 44 2
454 794 565 287 13 2
454 794 556 204 12 2
454 446 455 56 308 18 2
454 446 453 126 10 2
454 307 300 304 258 3 2
450 189 60 4
450 445 449 91 32 4
450 445 448 307 1 4
450 410 385 745 749 293 22 4
450 410 385 745 746 220 1 4
450 410 385 690 693 169 5 4
450 410 385 690 692 138 244 270 6 4
450 410 385 510 20 578 592 315 2 4
450 403 316 30 4
450 403 383 772 781 7 1 4
450 403 383 407 728 22 1 4
450 403 383 405 4 18 4
439 285 21 0
439 426 602 611 0 3 0
439 351 336 338 357 130 1 0
432 245 41 4
432 425 435 710 67 9 4
432 425 433 192 31 4
432 230 225 462 471 286 5 4
432 230 225 426 602 611 0 12 4
432 230 225 426 438 129 5 4
432 230 225 231 171 12 4
432 210 269 20 4
432 210 420 77 15 4
432 210 194 212 194 5 4
422 25 35 1
422 387 423 32 15 1
421 163 37 3
421 522 289 17 3
421 522 507 745 746 220 12 3
421 522 507 603 617 38 14 3
421 522 507 521 88 1 3
421 387 423 32 1 3
421 387 423 494 199 1 3
421 387 381 396 311 3 3
421 294 792 786 704 727 141 4 3
421 294 792 786 704 726 248 2 3
421 294 792 786 577 587 219 2 3
421 294 459 447 603 617 38 1 3
421 294 459 447 456 200 17 3
421 294 459 447 67 80 295 4 3
421 294 459 443 428 140 141 151 80 1 3
421 294 279 317 333 46 11 3
421 294 279 278 275 280 226 3 3
421 294 279 275 280 226 5 3
415 227 40 2
415 659 207 8 2
415 386 418 242 25 2
415 386 416 109 24 2
415 386 388 578 592 315 1 2
415 340 175 2 2
413 75 51 2
413 385 412 262 5 2
413 385 387 381 396 311 15 2
413 385 387 381 394 2 4 2
413 385 383 405 4 5 2
413 385 383 404 103 13 2
413 385 381 394 2 7 2
399 146 39 3
399 724 703 722 265 8 3
399 724 703 721 121 3 3
399 724 703 127 625 627 198 3 3
399 724 703 127 137 349 233 10 3
399 451 271 29 3
399 382 400 158 1 3
399 382 381 394 2 14 3
399 120 108 117 30 5 3
399 120 108 35 58 19 2 3
399 120 108 35 57 527 274 3 3
399 120 108 35 56 308 8 3
397 87 46 3
397 697 691 508 527 274 3 3
397 697 691 508 460 465 73 161 5 3
397 697 547 536 371 370 191 199 58 3 3
397 697 547 536 371 370 141 150 187 1 3
397 697 547 365 17 8 3
397 382 381 394 2 4 3
397 382 381 393 231 31 3
397 382 30 226 239 61 1 3
397 365 17 43 3
397 365 360 364 145 5 3
391 292 56 3
391 380 392 15 18 3
391 380 382 30 226 239 61 1 3
391 380 382 30 44 44 10 3
391 380 382 30 43 63 6 3
391 380 382 30 42 449 91 1 3
391 380 339 337 354 183 2 3
391 380 316 326 89 5 3
391 306 765 157 25 3
391 306 557 99 2 3
391 306 300 304 258 8 3
391 306 300 304 592 315 4 3
391 306 300 277 291 180 1 3
367 235 34 2
367 361 539 557 99 23 2
367 22 213 34 2
367 22 20 578 592 315 6 2
367 22 20 578 591 16 3 2
346 31 41 2
346 756 750 755 100 7 2
346 756 750 252 266 297 1 2
346 336 126 135 277 7 2
346 336 126 133 241 5 2
346 336 126 132 239 13 2
346 336 126 131 122 201 2 2
346 336 30 41 217 12 2
346 336 30 40 78 3 2
346 295 279 275 280 226 6 2
341 205 45 3
341 729 705 487 496 283 4 3
341 729 705 446 453 126 12 3
341 729 705 338 357 130 3 3
341 482 11 250 25 3
341 335 635 71 102 86 5 3
341 335 635 71 100 540 318 7 3
341 335 635 15 194 212 194 2 3
341 335 344 306 8 3
341 335 342 197 9 3
341 335 337 354 183 3 3
341 335 337 353 296 2 3
341 335 318 752 762 167 155 4 3
341 335 216 224 212 2 3
340 175 60 2
340 335 216 224 212 21 2
340 335 125 129 203 10 2
340 335 20 578 591 16 4 2
340 335 20 302 314 172 5 2
328 228 63 2
328 504 433 192 16 2
328 451 271 2 2
328 316 326 89 12 2
328 316 325 138 7 2
312 268 51 3
312 429 425 433 192 2 3
312 429 425 431 281 4 3
312 429 425 216 224 212 1 3
312 429 425 173 578 591 16 1 3
312 429 425 173 578 590 266 297 7 3
312 429 425 173 578 590 52 294 7 3
312 301 601 277 291 180 1 3
312 301 601 277 289 8 5 3
312 301 388 578 590 52 294 2 3
312 301 388 578 589 232 5 3
312 301 388 578 588 280 9 3
312 301 370 141 150 187 8 3
312 301 317 329 54 8 3
312 301 302 314 172 2 3
312 301 302 313 134 3 3
312 116 107 115 3 10 3
305 79 24 1
305 768 753 765 157 9 1
305 300 277 289 8 11 1
305 300 277 288 14 1 1
282 92 35 2
282 276 283 208 3 2
282 276 281 319 5 2
282 276 275 280 226 4 2
282 276 253 268 107 10 2
282 128 249 36 2
282 128 125 129 203 7 2
265 6 72 3
265 616 251 16 3
265 616 603 617 38 1 3
265 616 603 615 18 7 3
265 616 603 614 256 7 3
265 616 557 3 111 7 3
265 552 275 16 3
265 251 264 435 710 67 18 3
265 251 264 435 710 563 106 1 3
265 251 263 195 5 3
257 140 84 5
257 773 62 35 5
257 773 770 65 74 20 4 5
257 773 770 65 73 161 9 5
257 610 93 3 5
257 610 149 60 14 5
257 518 223 14 5
257 518 507 446 453 126 8 5
257 518 507 446 445 448 307 9 5
257 250 253 268 107 6 5
257 250 253 268 683 302 11 5
257 250 251 263 195 5 5
257 250 251 262 290 6 5
257 250 251 260 42 3 5
257 235 263 18 5
256 114 43 1
256 250 251 260 42 7 1
245 47 33 3
245 645 246 38 3
245 243 34 35 3
245 229 249 13 11 3
245 229 249 325 138 2 3
238 300 33 2
238 766 301 18 2
238 469 461 579 575 582 55 3 2
238 469 461 579 575 580 53 3 2
238 469 461 253 252 266 39 243 2 2
238 469 461 172 672 680 412 262 1 2
238 469 461 172 183 279 4 2
238 226 239 61 16 2
238 226 237 190 10 2
238 211 299 10 2
232 184 50 1
220 41 47 3
220 747 745 746 220 5 3
220 747 745 578 588 280 4 3
220 747 745 36 64 1 15 3
220 236 51 23 3
220 236 226 237 190 9 3
220 216 224 212 3 3
220 216 222 84 13 3
220 216 221 179 4 3
197 209 46 1
197 191 199 58 4 1
182 196 63 2
182 117 30 6 2
182 54 120 31 2
177 288 69 2
177 171 485 490 136 83 7 2
177 171 485 489 317 18 2
177 171 485 487 494 199 6 2
163 221 49 2
163 204 112 136 15 2
163 143 165 24 6 2
163 143 161 617 38 5 2
163 143 160 96 2 2
163 143 144 167 155 21 2
163 143 144 166 127 1 2
163 143 144 166 633 45 21 1 2
99 72 57 3
99 389 167 15 3
99 389 380 316 325 138 7 3
99 389 380 316 324 314 1 3
99 70 252 266 39 243 1 3
99 70 105 109 71 16 3
99 70 95 97 6 3
99 70 72 103 3 111 14 3
99 70 72 67 80 295 1 3
99 70 72 67 68 85 722 265 1 3
99 70 72 65 73 161 11 3
92 11 67 3
92 69 673 683 302 5 3
92 69 673 683 726 248 9 3
92 69 229 249 325 138 2 3
92 69 229 248 202 19 3
92 69 68 85 722 265 15 3
75 95 35 3
75 213 137 24 3
75 213 194 212 194 13 3
75 66 68 85 722 265 13 3
75 66 68 84 608 252 11 3
75 48 366 677 208 118 3 3
75 48 33 637 644 160 13 3
75 48 33 49 289 8 10 3
75 48 33 36 64 1 5 3
75 48 33 30 40 78 11 3
62 259 58 3
62 572 112 27 3
62 572 562 573 354 183 7 3
62 35 56 308 4 3
62 35 54 120 33 3
62 35 54 80 295 5 3
38 255 38 3
38 524 508 460 465 73 161 2 3
38 524 508 228 243 34 5 3
38 321 315 320 137 349 233 3 3
38 308 94 19 3
38 308 554 122 13 3
38 308 300 277 288 14 1 3
38 177 171 383 404 699 135 1 3
38 177 171 178 282 14 3
38 177 171 173 189 174 4 3
38 177 93 69 68 84 608 252 16 3
38 30 40 78 11 3
38 30 40 497 178 12 3
38 30 39 243 8 3
38 30 37 164 3 3
25 247 19 0
25 563 106 6 0
23 166 47 2
23 159 143 144 166 633 45 21 8 2
23 159 143 141 150 187 4 2
23 159 143 141 149 60 3 2
23 20 302 313 134 27 2
23 20 173 186 349 233 2 2
23 20 144 166 633 45 21 3 2
23 20 31 45 21 4 2
23 20 25 563 106 2 2
19 216 46 3
19 478 10 28 3
19 478 463 427 445 448 307 5 3
19 478 463 427 445 141 149 60 1 3
19 15 192 337 353 296 6 3
19 15 192 193 207 142 15 3
19 15 192 190 195 266 1 3
19 15 142 157 261 10 3
19 13 2 229 248 202 2 3
19 13 2 229 247 305 5 3
19 13 2 229 246 151 1 3
19 13 2 127 137 349 233 1 3
17 27 31 3
17 740 707 741 186 3 3
17 740 686 206 20 3
17 740 642 431 281 2 3
17 740 642 214 9 68 15 3
17 740 642 55 57 527 274 2 3
17 209 678 303 1 3
17 209 194 212 194 6 3
17 209 194 211 299 24 3
17 15 142 157 261 12 3
17 15 142 156 139 10 3
17 15 142 141 149 60 14 3
17 15 34 52 294 8 3
17 15 0 3 111 2 3
11 250 39 2
11 46 32 47 271 254 10 2
11 46 32 47 271 186 349 233 3 2
11 2 127 137 349 233 2 2
11 2 127 136 83 7 2
11 2 106 112 136 9 2
11 2 10 168 16 2
11 2 1 772 781 7 5 2
11 2 1 772 780 314 172 1 2
11 2 1 8 153 8 2
