902

1184 305 58 3
1184 1088 352 12 3
1184 727 197 14 3
1171 1182 225 2 9
1171 1178 429 24 9
1171 1177 90 23 9
1171 1081 1088 352 4 9
1171 914 934 446 1 9
1171 771 885 909 14 317 5 9
1171 771 885 908 216 6 9
1171 771 779 148 27 9
1171 771 777 430 11 9
1171 495 505 403 1 9
1171 415 881 894 212 15 9
1171 358 955 981 116 14 9
1171 358 955 978 794 372 4 9
1171 358 377 188 12 9
1171 350 844 866 168 3 9
1171 350 771 777 430 6 9
1171 350 695 705 77 3 9
1171 295 300 145 20 9
1171 295 300 817 21 10 9
1171 295 299 198 14 9
1171 278 914 934 446 1 9
1171 278 294 45 14 9
1171 2 14 317 6 9
1171 2 13 247 24 9
1146 147 13 1
1146 1121 1149 410 3 1
1146 796 307 13 1
1146 290 79 12 1
1118 1135 458 41 9
1118 1134 71 19 9
1118 1120 1143 82 9 9
1118 1120 1142 434 1 9
1118 1120 1034 1054 153 20 9
1118 1120 1034 1052 69 10 9
1118 1120 1034 1051 263 3 9
1118 1120 957 989 265 1 9
1118 1120 643 661 335 4 9
1118 1120 570 1091 1099 361 1 9
1118 1120 570 1091 917 948 417 1 9
1118 782 792 19 9 9
1118 537 553 727 197 9 9
1118 537 552 179 8 9
1118 469 780 784 355 5 9
1118 469 492 347 11 9
1118 469 87 99 421 7 9
1118 469 87 97 463 7 9
1118 380 383 75 4 9
1118 320 326 93 20 9
1118 311 318 297 11 9
1118 36 881 894 212 17 9
1118 36 43 131 4 9
1118 36 42 5 23 9
1118 36 41 262 3 9
1118 36 40 419 2 9
1115 1124 311 35 7
1115 1123 65 5 7
1115 1121 1149 410 7 7
1115 1121 1148 76 308 2 7
1115 1121 1145 133 34 7
1115 1121 1119 1139 151 1 7
1115 1121 2 13 247 2 7
1115 1121 2 13 819 195 36 1 7
1115 1119 1139 151 6 7
1115 1119 1138 431 28 7
1115 1119 1138 925 223 5 7
1115 1119 1137 109 5 7
1115 1116 1126 157 7 7
1115 803 825 118 17 7
1115 803 820 391 6 7
1115 643 660 406 9 7
1115 643 658 313 4 7
1115 331 1185 1191 122 7 7
1115 331 1185 1190 245 13 7
1115 331 345 58 3 7
1110 57 44 2
1110 943 38 23 2
1109 146 110 5
1109 1199 392 141 3 5
1109 1136 20 17 5
1109 259 28 16 5
1103 341 66 3
1103 334 222 21 3
1103 230 381 11 3
1098 286 23 2
1098 394 338 32 2
1080 1084 240 1038 173 1 9
1080 1030 1038 173 17 9
1080 1030 1037 140 22 9
1080 1030 1037 634 137 1 9
1080 916 942 409 15 9
1080 845 869 776 283 21 9
1080 845 868 94 14 9
1080 845 627 638 74 1 9
1080 800 808 337 21 9
1080 579 599 236 4 9
1080 555 561 275 15 9
1080 555 558 1063 291 5 9
1080 537 552 179 3 9
1080 537 551 112 22 9
1080 297 1016 1028 393 12 9
1080 297 725 744 142 134 4 9
1080 228 241 762 142 18 9
1080 228 241 165 460 1 9
1080 85 225 579 599 236 17 9
1080 85 92 1107 91 13 9
1080 4 22 298 23 9
1076 595 319 21 0
1070 160 46 2
1070 693 432 19 2
1070 693 157 23 4 2
1056 1066 125 41 9
1056 1065 798 471 3 9
1056 1063 291 6 9
1056 1062 339 44 9
1056 1059 1078 195 5 9
1056 1059 576 590 120 3 9
1056 1034 1051 263 6 9
1056 1034 1050 425 6 9
1056 954 977 388 3 9
1056 954 396 884 907 948 417 4 9
1056 954 396 409 413 2 9
1056 954 396 408 224 19 9
1056 555 558 1063 291 4 9
1056 555 558 651 385 6 9
1056 535 543 128 14 9
1056 535 542 256 13 9
1056 535 540 165 460 2 9
1056 535 539 411 1 9
1056 465 476 16 21 9
1056 465 475 155 192 11 9
1056 465 472 89 9 9
1056 465 471 284 1 9
1056 380 383 75 22 9
1056 210 1016 1028 393 3 9
1056 45 1152 1168 105 1 9
1053 159 18 1
1053 103 442 20 1
1032 1042 832 350 25 4
1032 1042 777 430 4 4
1032 1041 524 395 6 4
1032 641 52 68 187 9 4
1032 641 52 66 103 2 4
1032 641 52 65 14 317 17 4
1032 225 579 599 236 17 4
1032 225 233 166 9 4
1032 225 232 475 14 4
1032 130 160 243 4 4
1032 130 125 139 12 14 4
1019 186 24 1
1019 769 362 13 1
1017 1171 2 13 819 195 36 2 9
1017 1057 1092 1102 181 18 9
1017 1030 1037 634 137 8 9
1017 1030 1036 438 33 9
1017 1016 1028 393 10 9
1017 1016 1028 258 457 5 9
1017 1016 1026 199 12 9
1017 1016 1025 119 3 9
1017 1001 1007 185 24 9
1017 1001 1006 280 5 9
1017 1001 1005 474 11 9
1017 1001 698 712 376 4 9
1017 1001 626 634 137 1 9
1017 1001 3 20 228 1 9
1017 871 876 1124 311 13 9
1017 871 495 505 403 5 9
1017 871 495 504 68 187 13 9
1017 871 85 90 729 162 1 9
1017 665 671 660 406 12 9
1017 644 663 6 1 9
1017 469 87 97 463 9 9
1017 416 1151 1165 315 13 9
1017 416 1151 1164 50 25 9
1017 416 320 324 7 6 9
1017 310 842 854 123 2 9
1017 310 842 853 296 12 9
1017 106 536 549 171 1 9
1010 354 1004 310 17 2
1010 22 298 38 2
1002 1117 1132 41 11 9
1002 1091 917 948 417 17 9
1002 1081 1088 352 2 9
1002 1081 1086 285 4 9
1002 1081 1085 226 4 9
1002 1081 1055 1060 289 3 9
1002 1081 467 483 599 236 12 9
1002 1012 383 75 16 9
1002 1012 72 382 32 9
1002 1011 508 440 2 9
1002 722 731 230 7 9
1002 722 730 240 3 9
1002 699 718 784 355 1 9
1002 644 663 6 10 9
1002 557 782 792 19 6 9
1002 557 569 351 14 9
1002 557 568 303 24 9
1002 310 782 792 19 5 9
1002 310 782 791 156 1 9
1002 310 782 790 72 1 9
1002 310 447 463 201 2 9
1002 310 447 462 462 3 9
1002 310 313 281 4 9
1002 310 312 830 220 8 9
1002 310 192 204 328 1 9
1002 310 192 202 392 141 4 9
1002 310 50 57 97 3 9
1002 276 581 609 106 2 9
1002 276 289 35 1 9
1002 276 287 88 14 9
1002 276 286 213 33 9
995 1185 1190 245 17 9
995 1185 53 73 455 6 9
995 1185 53 72 382 8 9
995 1170 1175 961 84 19 9
995 1151 1164 50 1 9
995 1151 1161 408 16 9
995 1034 1050 425 3 9
995 1034 1050 1164 50 1 9
995 1034 1049 99 25 9
995 1034 1048 426 14 9
995 998 24 39 9
995 997 277 16 9
995 996 455 191 14 9
995 996 454 377 33 9
995 845 627 638 74 1 9
995 723 737 235 5 9
995 723 736 56 1 9
995 697 1016 1025 119 3 9
995 193 844 866 168 1 9
995 193 209 379 27 9
993 62 66 4
993 1178 429 9 4
993 684 415 29 4
984 177 115 6
984 832 350 17 6
984 452 115 24 6
984 218 234 8 6
980 340 27 1
980 458 478 21 1
975 748 270 45 2
975 219 33 21 2
970 93 268 25 0
952 969 359 28 9
952 967 205 25 9
952 966 86 15 9
952 964 130 22 9
952 963 436 17 9
952 958 992 10 18 9
952 958 991 316 15 9
952 958 990 51 8 9
952 958 955 978 794 372 5 9
952 956 988 272 21 9
952 956 986 380 5 9
952 951 962 414 8 9
952 557 568 303 2 9
952 557 567 239 2 9
952 557 565 17 7 9
952 557 564 254 16 9
952 466 1094 1113 170 1 9
952 382 394 338 22 9
952 382 394 437 217 2 9
952 382 393 1169 246 3 9
952 382 393 682 299 2 9
952 382 392 141 6 9
940 300 87 5
940 915 938 203 14 5
940 915 937 944 460 266 5 5
940 915 936 332 1 5
940 491 278 14 5
940 293 241 15 5
934 446 69 4
934 433 390 8 4
934 74 252 28 4
934 74 663 6 19 4
872 46 55 3
872 749 387 36 3
855 399 19 1
855 343 163 31 1
847 13 30 2
847 972 287 29 2
847 972 1072 357 2 2
841 1015 1020 174 1 8
841 1015 642 652 149 5 8
841 1015 397 411 227 6 8
841 1015 397 410 466 10 8
841 1015 311 318 297 4 8
841 1015 311 317 1072 357 3 8
841 850 398 44 8
841 849 257 22 8
841 848 358 29 8
841 844 866 168 13 8
841 843 859 1060 289 14 8
841 842 853 296 1 8
841 626 634 137 8 8
841 626 633 208 9 8
841 626 632 114 5 8
841 516 524 395 3 8
841 516 523 110 1 8
841 470 913 932 468 15 8
841 470 913 931 363 6 8
841 470 577 592 1164 50 1 8
841 470 536 549 171 4 8
841 470 465 471 284 15 8
805 951 962 414 19 7
805 951 961 84 7 7
805 951 958 227 239 464 1 7
805 951 578 597 22 16 7
805 828 373 4 7
805 827 365 100 15 7
805 803 820 391 2 7
805 802 1153 1169 246 2 7
805 802 818 323 8 7
805 802 817 21 1 7
805 802 815 9 9 7
805 802 801 811 371 11 7
805 802 801 810 231 4 7
805 802 801 800 808 337 11 7
805 800 808 337 9 7
805 468 491 278 19 7
805 177 1187 1198 1069 306 2 7
805 5 31 521 259 28 7 7
805 5 28 314 26 7
805 4 22 298 1 7
805 4 22 37 420 2 7
805 4 21 459 18 7
795 8 22 1
795 161 54 7 1
767 400 83 4
767 1046 242 40 4
752 1119 1137 109 10 9
752 782 790 72 2 9
752 782 789 443 30 9
752 762 142 25 9
752 761 353 14 9
752 750 754 293 6 9
752 670 692 14 11 9
752 670 691 368 7 9
752 577 592 1164 50 11 9
752 395 1119 1137 109 16 9
752 395 1119 1136 20 11 9
752 395 403 167 12 9
752 191 770 775 219 9 9
752 191 626 632 114 2 9
752 191 198 330 8 9
752 107 915 936 332 26 9
752 107 86 417 424 467 5 9
752 107 86 96 61 11 9
752 1 447 462 462 17 9
752 1 11 259 8 9
752 1 10 511 31 3 9
751 1000 1004 310 18 6
751 759 428 28 6
751 759 837 961 84 2 6
751 759 439 55 20 6
751 758 451 11 6
751 757 428 182 15 6
751 755 40 24 6
751 722 730 240 5 6
751 722 448 464 70 19 6
751 131 468 491 278 18 6
751 131 468 489 204 8 6
747 422 33 1
747 236 172 4 1
714 207 86 5
714 645 828 373 2 5
714 430 78 43 5
700 63 45 2
700 1026 199 12 2
700 695 705 77 12 2
688 44 65 3
688 77 356 31 3
683 324 33 2
683 1162 150 12 2
683 964 130 8 2
683 171 68 13 2
667 1119 1136 20 15 7
667 1119 1136 313 281 6 7
667 720 727 197 7 7
667 720 727 118 169 2 7
667 682 299 42 7
667 682 169 200 8 7
667 681 124 15 7
667 678 469 6 7
667 677 366 20 7
667 515 1016 1025 119 8 7
667 515 1016 1024 631 194 7 7
667 515 246 257 354 6 7
667 496 506 11 6 7
667 496 278 294 45 18 7
667 278 294 45 1 7
667 278 294 797 183 9 7
667 278 294 597 22 1 7
657 113 57 2
657 71 405 14 2
656 447 55 3
656 673 349 24 3
650 25 50 2
650 765 29 25 2
640 446 458 478 9 3
640 436 780 784 355 13 3
640 436 444 202 20 3
640 436 442 322 5 3
640 357 375 143 1 3
640 275 753 765 29 7 3
640 275 753 764 101 3 3
640 275 284 221 24 3
620 1116 1126 157 13 9
620 1090 1093 1107 91 6 9
620 1090 536 549 171 6 9
620 1059 576 590 120 6 9
620 1059 576 589 465 3 9
620 884 907 948 417 10 9
620 884 905 378 2 9
620 882 900 728 312 11 9
620 882 898 244 18 9
620 625 1093 1107 91 10 9
620 625 1093 1105 369 16 9
620 625 630 961 84 5 9
620 624 427 33 9
620 578 597 22 29 9
620 578 594 264 16 9
620 578 593 0 3 9
620 468 489 204 9 9
620 468 487 229 9 9
620 468 486 92 3 9
620 225 232 475 5 9
620 225 230 381 25 9
620 193 209 379 1 9
620 126 147 152 11 9
617 95 41 3
617 879 30 22 3
617 879 967 205 2 3
617 611 619 48 11 3
617 96 61 1 3
615 404 983 165 4 1
615 174 470 30 1
615 174 1156 412 2 1
610 1094 1113 170 12 5
610 1094 1113 571 218 4 5
610 1094 806 834 184 11 5
610 1094 806 833 136 2 5
610 720 727 118 169 7 5
610 665 129 158 261 12 5
610 620 126 147 152 4 5
610 620 126 144 321 14 5
610 612 1 30 5
610 297 725 744 142 134 13 5
610 297 309 375 16 5
610 277 333 1119 1136 313 281 10 5
610 277 333 348 969 359 2 5
610 277 333 348 969 808 337 2 5
610 277 292 87 11 5
602 991 316 25 0
582 175 66 4
582 928 15 13 4
582 594 264 44 4
575 1186 1196 253 12 8
575 1186 770 775 219 2 8
575 1186 770 773 449 12 8
575 912 925 223 20 8
575 912 911 921 461 3 8
575 912 695 705 77 5 8
575 625 630 961 84 20 8
575 625 628 423 6 8
575 586 80 37 8
575 584 346 34 8
575 583 348 42 8
575 580 601 76 4 8
575 578 593 0 11 8
575 436 442 322 3 8
575 436 440 1066 125 10 8
575 436 440 1051 263 1 8
570 1091 917 948 417 5 9
570 1091 917 947 178 4 9
570 1055 1060 289 30 9
570 698 712 376 27 9
570 698 711 127 9 9
570 643 658 313 14 9
570 573 397 23 9
570 572 295 30 9
570 571 218 32 9
570 537 551 112 20 9
570 498 911 921 461 1 9
570 498 514 383 13 9
570 311 317 1072 357 2 9
570 311 317 1072 1143 82 2 9
570 311 316 198 330 5 9
570 175 184 267 13 9
570 175 183 441 20 9
556 995 193 209 379 1 5
556 995 193 208 121 6 5
556 781 1185 53 72 382 6 5
556 781 803 820 391 3 5
556 781 788 290 1 5
556 781 786 416 17 5
556 576 589 465 12 5
556 576 588 206 3 5
556 576 587 139 10 5
556 516 523 110 21 5
556 193 208 121 12 5
556 193 207 214 19 5
556 193 205 110 301 1 5
556 53 72 382 35 5
538 643 658 313 9 6
538 643 655 164 18 6
538 643 642 652 149 3 6
538 581 607 210 4 6
538 525 1091 917 947 178 3 6
538 525 611 619 48 6 6
538 525 611 618 126 1 6
538 525 528 452 9 6
538 525 295 299 198 2 6
538 356 498 514 383 6 6
538 356 498 513 1142 434 4 6
538 356 498 511 31 11 6
538 356 369 59 16 6
538 356 365 100 4 6
538 193 205 110 301 13 6
538 193 190 195 36 15 6
538 3 20 228 17 6
538 3 19 47 14 6
538 3 18 876 1124 311 12 6
527 248 22 2
527 525 295 299 198 13 2
527 215 189 22 2
526 1186 770 773 449 8 7
526 1186 357 375 143 1 7
526 1186 357 374 454 4 7
526 995 193 190 195 36 10 7
526 995 56 84 424 467 15 7
526 955 978 794 372 1 7
526 910 918 386 2 7
526 525 295 299 198 5 7
526 525 295 298 320 4 7
526 525 295 53 69 196 2 7
526 525 247 536 549 171 8 7
526 525 247 536 547 282 4 7
526 525 247 259 28 6 7
526 466 1094 806 833 136 12 7
526 466 725 744 142 134 12 7
526 466 481 18 5 7
526 466 480 144 12 7
526 395 403 167 5 7
526 395 403 1137 109 1 7
526 395 401 232 1 7
526 395 399 444 11 7
526 356 365 100 10 7
526 356 364 104 9 7
526 331 345 58 4 7
526 331 343 163 1 7
526 297 309 375 1 7
526 297 308 111 21 7
526 297 308 1105 369 1 7
526 297 306 273 5 7
526 297 275 283 777 430 12 7
526 297 275 281 176 5 7
497 1170 1175 961 84 10 9
497 835 1092 1102 181 8 9
497 835 1092 1101 344 2 9
497 835 1092 1100 418 5 9
497 510 238 22 9
497 509 404 16 9
497 508 440 23 9
497 508 1052 69 13 9
497 507 331 30 9
497 495 504 68 187 10 9
497 495 502 345 3 9
497 435 437 217 12 9
497 380 383 75 2 9
497 380 382 392 141 7 9
497 320 324 7 5 9
497 227 239 464 5 9
497 227 237 292 3 9
497 211 448 464 70 3 9
497 211 436 440 1051 263 1 9
497 211 436 439 55 23 9
497 211 436 439 1149 410 8 9
497 211 217 255 5 9
497 211 210 1016 1024 631 194 8 9
497 211 210 578 593 0 2 9
497 6 34 52 8 9
497 6 33 779 148 16 9
473 294 42 2
473 894 212 19 2
418 1094 806 833 136 12 7
418 1094 806 832 350 2 7
418 696 708 396 9 7
418 696 695 705 77 4 7
418 696 695 704 288 8 7
418 696 626 632 114 5 7
418 696 626 625 628 423 1 7
418 696 248 264 326 17 7
418 516 523 110 1 7
418 516 522 271 5 7
418 516 521 259 28 4 7
418 516 519 309 6 7
418 495 502 345 29 7
418 495 225 230 381 1 7
418 495 225 229 269 9 7
418 433 390 22 7
418 432 333 30 7
418 428 182 7 7
418 427 37 8 7
418 426 4 13 7
418 320 324 7 5 7
409 413 71 4
409 510 238 16 4
409 510 567 239 24 4
390 138 29 2
390 419 83 21 2
390 382 392 141 14 2
389 456 71 3
389 966 86 3 3
389 966 502 345 7 3
389 649 258 1 3
373 161 102 5
373 1084 240 1038 173 3 5
373 357 374 454 7 5
373 347 981 116 8 5
373 319 32 12 5
359 1057 1092 1100 418 5 5
359 1057 1069 306 24 5
359 611 618 126 10 5
359 611 616 597 22 1 5
359 611 616 597 1145 133 8 5
359 611 614 46 53 15 5
359 357 374 454 31 5
359 357 374 761 353 3 5
359 357 372 712 376 2 5
359 355 445 455 191 2 5
359 355 445 453 374 5 5
359 320 324 7 1 5
359 127 155 192 31 5
359 127 155 864 401 2 5
359 127 152 588 206 5 5
330 956 986 380 19 6
330 725 744 142 134 1 6
330 536 547 282 1 6
330 535 539 411 9 6
330 415 881 894 212 8 6
330 415 753 764 101 12 6
330 415 106 111 318 22 6
330 415 106 110 301 6 6
330 396 408 224 4 6
330 396 408 1164 50 13 6
330 340 336 936 332 26 6
330 339 107 14 6
330 338 43 6 6
330 336 936 332 4 6
330 296 724 742 734 408 1164 50 5 6
330 296 447 462 462 8 6
330 296 447 460 266 3 6
330 296 303 1139 151 6 6
314 129 40 3
314 1079 42 12 3
314 816 402 25 3
314 511 31 17 3
306 273 54 3
306 460 266 22 3
306 142 134 12 3
291 158 261 4 0
274 389 84 4
274 928 15 31 4
274 928 986 380 8 4
245 1187 1198 1069 306 2 2
245 446 458 478 11 2
245 397 410 466 1 2
245 397 275 281 176 12 2
245 397 54 695 701 154 1 2
245 250 272 433 24 2
245 106 110 301 2 2
244 364 35 4
244 411 227 48 4
244 361 49 38 4
242 211 101 4
226 953 956 986 380 8 9
226 912 695 701 154 7 9
226 884 905 378 3 9
226 844 866 168 24 9
226 844 864 401 19 9
226 580 601 76 33 9
226 555 558 651 385 4 9
226 435 437 217 14 9
226 435 437 323 132 3 9
226 435 227 237 292 1 9
226 435 52 65 14 317 4 9
226 435 52 64 407 10 9
226 435 52 62 678 469 9 9
226 332 346 3 24 9
226 249 269 274 2 9
226 249 267 117 8 9
226 249 248 264 326 7 9
226 249 246 257 354 8 9
226 236 172 37 9
226 227 237 292 25 9
212 1172 1184 727 118 169 1 9
212 1172 1170 1175 961 84 1 9
212 1172 1170 1174 599 236 1 9
212 1172 1170 1173 472 27 9
212 1172 516 519 309 2 9
212 870 875 73 1 9
212 870 53 69 196 12 9
212 806 832 350 11 9
212 806 832 583 348 10 9
212 806 831 251 9 9
212 806 830 220 2 9
212 642 652 149 17 9
212 642 649 258 18 9
212 620 126 144 321 5 9
212 620 51 536 547 282 14 9
212 620 51 246 257 354 8 9
212 620 51 246 253 2 7 9
212 224 60 9 9
212 223 233 9 9
212 222 435 25 9
212 222 942 409 13 9
212 220 437 7 9
212 219 33 12 9
212 218 234 14 9
212 190 195 36 9 9
212 190 194 336 6 9
177 1187 1198 1069 306 9 9
177 1187 465 471 284 1 9
177 1117 1132 41 11 9
177 1000 1004 310 2 9
177 1000 1003 39 13 9
177 1000 1003 1143 82 6 9
177 1000 225 229 269 2 9
177 950 960 612 1 23 9
177 950 959 26 5 9
177 950 132 166 279 6 9
177 771 776 283 18 9
177 525 247 259 28 13 9
177 525 247 258 457 7 9
177 447 460 266 20 9
177 381 445 453 374 7 9
177 381 388 180 13 9
177 350 695 701 154 5 9
177 350 498 511 31 19 9
177 350 351 370 14 9
177 210 578 593 0 1 9
177 210 213 343 2 9
177 190 194 336 8 9
177 175 181 66 7 9
177 35 695 701 154 9 9
177 35 37 420 29 9
176 1150 1158 424 4 9
176 1150 1156 412 11 9
176 1150 398 412 392 9 9
176 1150 36 40 419 9 9
176 883 904 797 183 1 9
176 883 902 155 864 401 11 9
176 883 901 151 98 1 9
176 883 771 776 283 5 9
176 883 6 33 779 148 1 9
176 880 893 193 7 9
176 880 893 791 156 1 9
176 870 53 69 196 1 9
176 782 789 443 9 9
176 669 686 487 229 16 9
176 611 614 46 53 8 9
176 611 576 587 139 5 9
176 611 576 587 1062 339 3 9
176 611 576 587 1062 925 223 1 9
176 321 1152 1168 105 6 9
176 321 1152 1167 448 10 9
176 321 468 486 92 12 9
176 321 328 367 19 9
176 278 294 597 1145 133 1 9
176 278 293 241 23 9
176 278 293 932 468 16 9
176 187 476 20 9
176 186 473 24 9
176 185 477 11 9
176 129 158 261 5 9
161 54 25 0
152 588 206 1 0
134 1153 1169 246 25 9
134 579 599 236 6 9
134 579 598 453 12 9
134 191 198 330 20 9
134 170 325 23 9
134 170 584 346 9 9
134 169 200 23 9
134 132 166 279 11 9
134 132 165 460 14 9
134 132 164 102 17 9
134 132 163 209 3 9
134 131 468 445 453 374 8 9
134 131 162 365 16 9
134 128 157 23 7 9
134 128 156 450 12 9
134 128 156 788 290 4 9
134 128 127 152 588 206 3 9
134 128 127 151 98 5 9
134 126 144 321 2 9
134 126 142 134 23 9
134 125 139 12 2 9
134 125 138 158 5 9
133 1033 1034 1048 426 14 6
133 1033 1034 1047 479 3 6
133 803 820 391 13 6
133 803 820 776 283 5 6
133 803 819 195 36 6 6
133 783 884 905 378 2 6
133 783 798 471 2 6
133 783 797 183 23 6
133 783 797 142 134 4 6
133 783 796 307 5 6
133 783 794 372 7 6
133 625 628 423 1 6
133 167 208 121 49 6
133 130 125 138 158 13 6
133 125 138 158 4 6
133 125 135 249 7 6
133 125 127 151 98 3 6
112 64 23 1
112 920 260 22 1
108 780 784 355 6 6
108 770 773 449 18 6
108 557 564 254 21 6
108 557 563 190 12 6
108 557 536 547 282 7 6
108 415 106 110 301 9 6
108 415 106 110 142 134 8 6
108 355 445 453 374 3 6
108 355 361 49 18 6
108 124 445 14 6
108 122 302 1 6
108 121 215 28 6
108 120 154 939 426 4 14 6
108 118 169 9 6
108 107 86 96 61 3 6
105 871 50 57 97 29 3
105 783 794 372 2 3
105 783 793 67 16 3
105 611 576 587 1062 925 223 2 3
105 320 324 7 4 3
105 320 323 132 11 3
105 246 253 2 1 3
105 246 252 96 18 3
105 246 252 75 360 12 3
78 155 76 4
78 1004 310 14 4
78 651 385 26 4
60 998 24 30 5
60 998 135 249 11 5
60 983 165 42 5
60 562 726 108 12 5
60 562 506 11 13 5
60 51 246 252 75 360 3 5
60 51 61 439 14 5
60 51 59 43 131 12 5
60 51 54 695 701 154 1 5
60 51 54 695 701 909 14 317 1 5
60 51 52 62 678 469 1 5
55 910 918 386 7 6
55 910 128 127 151 98 23 6
55 910 128 127 149 27 8 6
55 723 736 56 8 6
55 627 638 74 5 6
55 627 637 135 6 6
55 627 636 384 12 6
55 228 241 165 460 6 6
55 228 2 13 819 195 36 9 6
55 80 329 4 6
55 79 250 14 6
55 77 356 23 6
55 76 308 7 6
55 75 360 26 6
55 54 695 701 909 14 317 6 6
55 54 74 663 6 2 6
49 304 28 2
49 586 80 8 2
49 371 334 19 2
45 1152 1167 448 1 9
45 1058 1073 81 3 9
45 1058 1072 1143 82 4 9
45 1058 1071 276 10 9
45 1058 1071 902 155 864 401 12 9
45 1034 1047 479 9 9
45 880 893 791 156 2 9
45 880 892 394 29 9
45 721 729 162 6 9
45 721 728 312 31 9
45 581 607 210 1 9
45 581 606 342 22 9
45 445 453 374 1 9
45 445 452 115 31 9
45 445 451 34 8 9
45 86 96 61 19 9
45 86 95 237 8 9
45 48 327 6 9
45 47 85 6 9
45 46 53 41 9
0 721 728 312 7 1
0 447 460 266 11 1
0 5 28 314 3 1
0 5 28 318 297 5 1
