664

797 168 92
797 146 208 48 24
797 796 101 8
795 106 106
795 454 39 17
795 344 342 57 30
795 57 729 728 261 8
795 57 280 241 20
795 796 101 4
791 249 127
791 579 330 23
791 793 196 34
791 789 583 587 282 5
784 153 104
784 428 210 39
784 143 145 716 319 42 195 6
784 143 145 716 319 318 20 3
784 143 185 120 10
780 237 94
780 293 317 191 61 6
780 293 292 581 580 280 14
780 779 778 170 2
780 779 777 352 19
780 778 170 41
780 778 777 352 6
780 777 352 3
774 296 73
774 2 4 432 62 14
774 775 44 31
774 773 8 7
770 155 106
770 282 344 24
770 771 17 46
770 707 287 14 5
770 707 158 137 24
770 707 351 5 10 188 14
767 140 90
767 769 244 46
766 765 308 49
760 161 88
760 83 214 6
760 432 62 6
759 150 82
759 761 67 35
757 245 72
757 565 178 27
757 467 437 218 8
757 247 98 255 17
757 247 245 114 6
757 146 208 48 3
757 146 141 152 222 25
757 146 141 155 240 19
757 146 141 161 336 1
757 704 11 12 34 8
757 704 65 246 288 6
757 704 65 67 685 118 6
757 704 709 776 116 51 3
757 704 709 705 28 183 5
757 704 763 138 4
756 325 81
755 24 73
753 265 70
751 343 150
751 616 158 137 4
745 185 101
745 316 484 487 56 6
745 316 740 764 217 17
742 256 155
742 102 350 18
742 514 551 223 7
742 514 516 518 568 145 1
742 514 515 562 258 9
742 514 553 94 25
742 738 173 26
742 703 705 28 183 1
741 31 92
741 738 173 30
739 68 146
739 586 587 282 6
739 738 173 1
731 309 141
731 735 243 23
731 734 735 243 12
724 273 70
724 725 63 263 28
724 725 722 197 7
724 723 722 197 6
724 722 197 3
719 166 76
719 720 721 276 16
719 717 65 39
718 246 92
718 717 65 7
711 281 80
711 712 284 22
711 710 311 35
695 143 54
695 617 556 321 33
687 158 63
687 684 99 16
686 12 41
686 685 118 46
679 322 63
679 151 26 28
679 683 95 5 1
675 85 85
675 85 86 277 30
675 357 428 210 12
675 357 351 5 10 188 14
675 614 676 53 12
671 171 86
671 455 280 241 7
671 455 442 144 34 481 131 3
671 455 458 457 54 3
671 455 457 54 31
671 661 46 16
671 83 214 8
671 673 39 775 44 1
671 672 254 30
670 169 69
668 198 65
668 31 79 16
668 300 714 111 31
668 666 480 266 14
668 666 480 481 131 7
668 613 615 684 99 1
663 299 119
663 94 93 294 5
663 235 642 174 7
663 235 233 76 32
663 144 34 481 131 3
663 661 46 31
660 81 165
660 378 377 297 14
660 378 376 377 297 12
660 662 579 330 2
660 662 579 580 280 1
660 662 418 575 91 4
660 662 27 98 23
660 662 661 46 5
660 661 46 16
652 190 43
652 656 224 2
652 653 305 22
646 216 123
646 56 672 254 4
646 56 701 448 127 12
646 56 516 518 568 145 7
646 56 52 95 5 3
644 28 49
644 161 336 16
643 162 93
643 642 174 8
643 640 41 47
641 64 176
641 355 578 69 7
641 355 414 6 4
641 642 174 24
641 640 41 24
638 351 72
638 509 508 763 138 3
638 140 134 211 12
638 140 142 344 342 57 6
638 140 142 775 44 6
638 140 141 161 336 5
634 346 87
634 11 12 34 11
632 112 70
632 118 453 454 39 9
632 118 121 291 25
632 353 228 83 19
632 353 654 151 14
632 629 293 14
625 86 57
594 156 61
594 595 25 28
594 593 427 142 12
592 191 78
592 773 8 14
592 591 248 123 2
592 591 589 212 1
592 589 212 19
584 313 138
584 618 185 120 28
584 587 282 5
584 586 587 282 5
584 583 587 282 17
576 209 127
576 569 236 2
576 577 200 13
576 516 518 568 145 11
576 516 511 773 8 9
576 575 91 35
574 122 62
574 698 287 19
574 575 91 22
570 225 65
570 569 236 28
557 72 135
557 556 321 20
554 172 54
554 131 182 24
554 553 94 9
552 49 90
552 551 223 30
552 550 268 16
549 93 80
549 703 705 28 183 17
549 703 736 16 247 7
549 545 546 241 219 8
548 338 147
548 95 5 19
548 12 34 50
548 546 241 219 36
542 202 131
542 40 164 23
542 706 627 228 23
541 36 70
538 133 66
537 316 56
537 214 230 45 11
537 214 144 34 481 131 1
537 214 144 195 235 7
529 345 165
529 654 151 39
529 692 267 33
529 266 306 16
529 512 458 457 54 5
525 307 127
525 62 63 263 18
525 524 337 5
520 328 163
520 125 123 287 14 9
520 125 122 10 2
520 444 473 59 23
520 444 491 90 5
520 523 599 271 27
520 522 148 31
520 521 522 148 13
520 510 626 147 9
507 117 115
507 653 305 42
507 653 656 224 4
507 653 655 656 224 3
506 229 45
506 494 295 37
505 32 145
505 334 303 27
503 252 168
503 485 651 37 15
503 501 155 240 1
503 501 155 154 71 6
503 501 499 302 14
503 499 302 33
500 248 118
500 578 69 24
500 499 302 4
497 84 55
497 631 208 48 1
496 18 77
496 495 11 11
489 315 57
489 491 90 40
482 77 163
482 722 197 9
482 487 56 3
482 486 629 293 2
482 486 485 651 37 4
482 485 651 37 5
482 484 487 56 34
475 357 90
475 536 109 157 1
475 350 15 208 48 25
475 350 359 43 10
474 275 108
474 598 600 290 12
474 598 600 599 271 11
474 444 491 90 21
466 213 84
466 462 184 26
464 221 135
464 207 3 14
464 677 22 24
464 462 184 5
463 100 124
463 677 22 19
463 291 294 327 348 4
463 465 467 437 218 2
463 465 462 184 7
463 462 184 30
459 327 68
459 678 340 14
459 708 569 236 16
438 167 129
438 437 218 9
435 342 45
435 437 218 22
426 124 92
426 389 418 575 91 12
426 750 616 158 137 10
426 427 142 3
424 232 51
424 730 15 11
424 26 115 37
424 141 161 336 8
423 220 161
423 395 186 40
423 395 394 165 2
423 312 86 277 37
416 353 103
416 721 276 5
416 417 115 116 51 4
416 414 6 12
415 92 106
415 605 609 207 10
415 414 6 11
413 130 123
413 414 6 31
411 208 43
411 193 676 53 3
411 409 125 11
411 407 245 114 4
411 407 409 125 14
408 234 34
408 410 409 125 7
408 409 125 50
402 203 99
402 692 267 11
402 211 233 76 8
400 358 91
400 470 469 320 19
400 79 109 11
397 66 118
387 192 84
387 16 247 2
387 386 63 9
385 319 56
385 53 58 131 182 13
385 53 98 255 2
385 53 511 773 8 15
385 386 63 19
385 384 97 26
383 274 187
383 0 451 160 36
383 0 368 364 257 2
383 386 63 12
381 215 69
381 720 721 276 7
381 559 705 28 183 3
381 559 705 28 26 115 2
375 199 74
375 705 28 26 115 2
375 377 297 11
370 238 96
370 369 368 364 257 11
370 369 364 257 14
370 368 364 257 1
370 367 365 368 364 257 4
370 366 129 24
370 366 779 777 352 7
370 366 369 364 257 2
370 366 364 257 5
370 364 257 1
363 21 55
363 508 763 138 15
363 710 311 4
363 361 310 25
349 323 96
349 595 25 1
346 242 74
346 342 57 8
338 187 97
338 249 290 710 311 4
338 249 290 433 260 3
338 249 248 123 5
338 230 45 14
338 337 144 195 235 2
338 337 144 190 279 31
338 337 340 528 139 9
336 341 114
336 330 298 16
336 445 575 91 13
336 341 340 528 139 8
336 340 528 139 1
336 295 342 57 1
335 194 86
335 380 169 171 168 135 5
335 334 303 8
333 300 42
333 776 116 51 24
333 799 278 29
331 259 82
331 45 672 254 3
331 330 298 19
331 329 163 48
328 52 81
328 635 636 23 15
328 330 298 37
328 329 163 2
326 326 69
326 421 353 654 151 8
326 421 419 606 112 58 12
326 396 269 42
326 323 262 35
326 294 327 348 11
321 179 111
321 318 20 1
320 292 72
320 102 350 9
320 446 443 498 499 302 12
320 446 441 677 22 3
320 446 441 677 678 340 1
320 446 441 452 1 25
320 318 20 49
310 128 64
310 93 294 36
308 331 107
301 95 92
301 642 174 23
301 304 430 428 210 7
297 250 52
297 296 136 12
288 333 93
288 515 562 258 4
288 515 568 145 8
288 287 14 29
286 40 72
286 473 59 2
286 289 287 14 8
286 287 14 14
283 334 303 49
283 285 432 62 12
281 30 113
281 282 344 12
281 280 241 9
281 279 105 41
278 29 99
278 470 469 320 7
278 58 131 182 2
278 217 697 69 204 12
278 217 713 26 115 6
277 270 31
275 149 63
275 237 121 38
275 472 705 245 114 5
272 239 52
272 251 456 457 54 12
272 216 217 713 26 115 4
272 216 217 248 123 4
271 356 92
271 440 583 587 282 21
271 440 443 498 499 302 5
271 440 448 127 12
271 269 80 46
270 226 100
270 220 219 729 728 261 7
270 469 320 8
270 269 80 12
268 339 60
268 266 306 38
267 359 77
267 481 131 21
267 224 226 189 13
267 224 225 223 103 6
267 629 293 36
263 13 126
263 386 63 7
263 212 215 134 211 3
263 212 215 209 223 103 1
263 212 214 144 190 279 8
263 264 35 29
259 231 51
254 175 63
254 684 99 36
254 159 89 45
252 19 94
252 241 219 31
252 248 123 39
243 82 83
243 101 347 40
242 233 166
242 244 582 248 123 7
242 244 582 580 280 17
242 244 566 563 283 18
242 241 219 15
238 205 93
238 315 327 348 4
238 492 494 295 4
238 610 132 131 182 4
238 610 626 147 13
238 610 294 327 348 15
238 239 433 260 14
238 237 121 12
234 272 84
234 431 433 260 16
234 450 329 21
227 70 54
227 226 189 32
227 223 103 46
218 324 52
205 251 106
205 299 664 108 37
203 16 110
203 98 255 5
200 27 63
198 152 94
198 64 779 777 352 1
198 64 63 263 1
196 7 28
196 197 195 235 22
194 146 128
194 599 271 16
188 87 64
188 189 253 1
187 304 113
187 41 567 565 178 26
187 41 567 563 283 5
187 41 134 211 4
187 526 528 139 16
187 189 253 47
186 33 94
186 31 79 4
184 107 51
184 185 120 4
179 96 48
178 289 140
178 182 101 102 350 3
176 285 82
175 116 60
170 132 35
170 699 698 287 9
170 230 45 4
170 171 168 135 6
170 168 135 22
167 201 135
167 612 676 53 35
167 612 617 556 321 5
167 612 615 684 99 2
167 612 650 651 37 4
166 193 123
166 165 141 161 336 2
164 0 97
164 619 110 78 3
147 355 70
147 551 223 10
138 42 114
137 177 88
137 626 147 11
135 104 73
133 332 55
133 58 131 182 3
129 47 73
129 12 34 11
129 758 640 41 7
129 128 144 2
127 60 60
127 777 352 9
127 556 321 21
127 556 16 247 2
126 110 68
126 31 79 40
124 75 162
124 771 17 26
124 440 448 127 8
124 122 10 39
120 349 65
120 119 121 291 15
111 4 63
111 701 448 127 13
111 113 317 33
111 112 58 22
111 112 110 78 8
111 110 78 23
108 318 24
108 488 286 45
108 109 157 29
108 107 88 13
103 38 84
103 102 350 5
103 101 102 350 28
96 230 38
96 624 102 26
96 607 609 207 26
96 95 5 21
89 314 132
89 754 615 684 99 4
89 91 90 88 134 1
89 91 88 134 22
89 91 87 181 2
89 90 88 134 24
89 87 181 28
84 227 49
84 46 55 11
84 213 210 228 83 5
82 301 123
82 151 26 14
82 174 141 47
82 81 312 35
74 206 97
74 630 40 164 31
74 73 335 40
74 72 113 21
74 71 73 335 5
74 71 72 113 8
70 126 73
70 290 433 260 1
70 290 294 327 348 1
70 290 298 296 136 4
59 2 128
59 98 255 22
59 63 263 5
59 62 63 263 1
50 93 294 29
50 564 566 563 283 3
50 564 565 178 5
50 650 651 37 14
50 98 255 3
50 56 52 95 5 16
50 56 52 90 88 134 4
50 56 52 93 294 2
50 55 117 473 59 3
50 54 677 678 340 14
50 53 511 773 8 7
50 51 73 335 12
50 51 73 72 113 6
50 51 75 50 19
50 69 204 31
44 154 38
44 480 481 131 6
44 46 55 22
43 354 178
43 672 254 42
43 659 599 271 1
43 659 107 88 2
43 659 661 46 3
43 352 578 69 17
43 292 581 580 280 19
43 292 313 334 29
43 41 134 211 23
43 41 42 195 9
35 119 96
35 128 144 33
35 34 481 131 11
32 264 75
32 189 253 15
29 9 63
25 180 72
19 74 86
19 16 247 3
17 176 163
17 396 269 11
17 396 394 165 12
17 518 568 145 6
17 3 340 528 139 12
17 3 99 636 23 1
17 20 16 247 25
17 18 20 16 247 15
14 73 155
14 145 716 319 318 20 1
14 145 141 161 336 27
14 16 247 10
7 159 64
7 636 23 23
7 5 10 188 3
