968

1187 1198 1069 306 18 1
1187 626 634 137 5 1
1187 465 476 16 2 1
1187 359 357 375 143 2 1
1187 359 357 374 454 10 1
1187 245 250 272 433 13 1
1184 305 58 3
1184 1172 1170 1175 961 84 4 3
1184 1172 800 808 337 5 3
1184 1088 352 18 3
1184 727 197 15 3
1171 1182 225 2 7
1171 1178 429 3 7
1171 1177 90 23 7
1171 1081 1086 285 4 7
1171 953 957 989 265 1 7
1171 953 956 988 272 1 7
1171 914 934 446 1 7
1171 771 885 909 14 317 5 7
1171 771 885 908 216 5 7
1171 771 779 148 27 7
1171 771 777 430 12 7
1171 495 505 403 1 7
1171 415 881 894 212 5 7
1171 415 419 83 14 7
1171 415 330 340 336 936 332 17 7
1171 415 108 124 445 4 7
1171 350 1152 1168 105 7 7
1171 350 1152 1167 448 5 7
1171 278 294 45 15 7
1171 45 880 893 193 1 7
1171 45 581 609 106 2 7
1171 45 581 607 210 5 7
1171 45 49 304 9 7
1171 2 14 317 6 7
1171 2 13 247 25 7
1128 1117 1132 41 3 1
1128 1110 57 41 1
1128 373 161 6 1
1119 1139 151 7 5
1119 1138 431 28 5
1119 1138 925 223 5 5
1119 1137 109 31 5
1119 1136 20 33 5
1119 1121 1149 410 10 5
1119 1121 1148 76 308 2 5
1119 1121 1146 147 3 5
1119 1121 1145 133 11 5
1119 1115 1124 311 20 5
1118 1135 458 41 5
1118 1134 71 19 5
1118 1120 1143 82 9 5
1118 1120 1142 434 1 5
1118 1120 570 573 397 6 5
1118 782 792 19 9 5
1118 537 553 727 197 9 5
1118 537 552 179 3 5
1118 380 497 510 238 4 5
1118 36 881 894 212 32 5
1118 36 42 5 17 5
1109 146 110 6
1109 1199 392 141 8 6
1109 1136 20 10 6
1109 1136 313 281 20 6
1109 259 28 27 6
1103 341 66 3
1103 334 222 21 3
1103 230 381 13 3
1094 1113 170 13 4
1094 1113 571 218 4 4
1094 1110 57 3 4
1094 1110 943 38 21 4
1094 610 612 1 29 4
1094 466 725 748 270 12 4
1094 466 481 18 5 4
1094 466 480 144 12 4
1094 466 4 25 767 400 1 4
1094 466 4 22 298 2 4
1094 436 843 859 1060 289 9 4
1094 436 444 202 14 4
1093 1116 1126 157 16 3
1093 1107 91 29 3
1093 1105 369 16 3
1093 625 631 194 7 3
1093 625 630 961 84 25 3
1093 625 628 423 7 3
1092 1102 181 25 0
1091 1099 361 1 3
1091 917 948 417 13 3
1091 885 908 216 1 3
1091 570 573 397 11 3
1091 525 611 619 48 15 3
1091 382 393 1169 246 3 3
1091 382 393 682 299 2 3
1091 382 392 141 4 3
1091 276 581 606 342 18 3
1091 276 289 35 1 3
1091 276 287 88 7 3
1091 86 417 424 467 14 3
1091 86 96 61 10 3
1090 536 549 171 19 3
1090 536 549 1052 69 2 3
1090 536 547 282 16 3
1090 276 287 88 7 3
1090 276 286 213 7 3
1090 106 771 777 430 4 3
1090 106 175 184 267 13 3
1090 106 175 183 441 17 3
1090 106 111 318 15 3
1080 1084 240 1038 173 1 8
1080 1030 1038 173 17 8
1080 1030 1037 140 22 8
1080 1030 1037 634 137 1 8
1080 845 869 776 283 21 8
1080 845 868 94 14 8
1080 845 844 866 168 1 8
1080 800 808 337 14 8
1080 537 552 179 8 8
1080 537 551 112 17 8
1080 297 1057 1069 306 1 8
1080 297 1016 1028 393 1 8
1080 297 309 375 12 8
1080 228 241 762 142 18 8
1080 228 241 165 460 1 8
1080 212 224 60 9 8
1080 212 223 233 9 8
1080 212 222 435 15 8
1080 85 396 408 224 5 8
1080 85 225 233 166 9 8
1080 85 225 232 475 4 8
1080 4 22 298 24 8
1080 4 21 459 1 8
1076 1059 1078 195 4 0
1076 595 319 21 0
1070 160 46 2
1070 693 432 19 2
1070 693 157 23 10 2
1056 1066 125 41 6
1056 1065 798 471 3 6
1056 1063 291 6 6
1056 1062 339 44 6
1056 954 977 388 3 6
1056 841 850 398 11 6
1056 555 626 634 137 4 6
1056 555 626 633 208 6 6
1056 535 698 712 376 3 6
1056 380 497 510 238 2 6
1056 380 396 408 224 2 6
1056 380 383 75 18 6
1056 45 49 304 3 6
1056 45 48 327 6 6
1056 45 47 85 6 6
1056 45 46 53 17 6
1034 1054 153 20 9
1034 1053 159 13 9
1034 1052 69 10 9
1034 1051 263 9 9
1034 1050 425 9 9
1034 1050 1164 50 1 9
1034 1049 99 25 9
1034 1048 426 28 9
1034 1047 479 12 9
1034 1033 1046 242 17 9
1034 995 998 24 1 9
1034 397 611 619 48 2 9
1034 397 611 618 126 6 9
1034 397 411 227 6 9
1034 397 410 466 11 9
1034 397 275 753 767 400 6 9
1034 355 1150 1158 424 4 9
1034 355 1150 800 808 337 1 9
1034 355 361 49 9 9
1034 248 264 326 24 9
1034 248 246 257 354 8 9
1034 190 782 792 19 11 9
1034 190 782 791 156 4 9
1034 190 782 790 72 3 9
1034 190 782 789 443 1 9
1034 45 46 53 9 9
1019 186 24 1
1019 1015 1021 507 331 9 1
1019 1015 1020 174 1 1
1019 1015 841 850 398 3 1
1019 769 362 13 1
1017 1171 2 13 247 1 9
1017 1171 2 13 819 195 36 2 9
1017 1057 1069 306 18 9
1017 1030 1037 634 137 8 9
1017 1030 1036 438 33 9
1017 1016 1028 393 11 9
1017 1015 841 850 398 16 9
1017 1001 1007 185 24 9
1017 1001 1006 280 5 9
1017 1001 1005 474 11 9
1017 1001 698 712 376 6 9
1017 871 876 1124 311 14 9
1017 871 495 505 403 5 9
1017 871 495 504 68 187 18 9
1017 871 105 1032 1042 832 350 1 9
1017 871 50 57 97 3 9
1017 871 4 21 459 3 9
1017 644 663 6 1 9
1017 469 698 712 376 8 9
1017 469 492 347 1 9
1017 416 1151 1165 315 1 9
1017 398 412 392 1 9
1017 310 782 789 443 7 9
1017 310 312 830 220 7 9
1017 0 7 25 767 400 25 9
1017 0 5 28 314 20 9
1002 1012 383 75 16 6
1002 1012 72 382 32 6
1002 1010 22 298 17 6
1002 722 731 230 7 6
1002 722 730 240 3 6
1002 570 573 397 6 6
1002 570 572 295 22 6
1002 557 569 351 14 6
1002 557 568 303 26 6
1002 557 567 239 4 6
1002 497 510 238 4 6
1002 497 509 404 14 6
1002 276 286 213 9 6
1002 211 497 509 404 1 6
993 62 66 4
993 1178 429 30 4
993 684 415 29 4
991 316 40 1
991 372 712 376 10 1
984 177 115 5
984 832 350 19 5
984 452 115 8 5
984 218 234 8 5
958 992 10 18 5
958 990 51 8 5
958 956 988 272 20 5
958 956 986 380 13 5
958 951 962 414 1 5
958 802 1058 1073 81 3 5
958 802 1058 1071 276 10 5
958 802 1058 1071 902 155 192 7 5
958 802 818 323 8 5
958 802 817 21 1 5
958 802 815 9 1 5
958 295 300 145 20 5
958 295 300 817 21 10 5
958 295 299 198 17 5
958 227 239 464 6 5
958 227 237 292 7 5
955 983 165 13 3
955 981 116 22 3
955 980 340 5 3
955 978 794 372 10 3
955 958 227 237 292 5 3
955 956 986 380 2 3
955 665 672 932 468 15 3
955 665 671 660 406 13 3
955 665 129 125 139 12 7 3
955 526 1186 1196 253 1 3
955 435 1001 698 712 376 1 3
955 358 496 506 11 6 3
952 969 359 28 5
952 967 205 25 5
952 966 86 15 5
952 964 130 22 5
952 963 436 17 5
952 557 567 239 3 5
952 557 565 17 7 5
952 557 564 254 22 5
952 382 392 141 11 5
951 962 414 25 0
940 300 87 4
940 915 939 426 4 14 4
940 915 938 203 6 4
940 491 278 18 4
934 446 70 4
934 433 390 8 4
934 74 252 28 4
934 74 663 6 19 4
920 260 22 1
920 911 921 461 4 1
920 911 498 514 383 1 1
920 112 64 23 1
916 943 38 2 1
916 942 409 25 1
916 913 932 468 8 1
916 912 1121 1145 133 4 1
916 912 925 223 11 1
883 995 998 24 9 4
883 904 797 183 1 4
883 902 155 192 11 4
883 901 151 98 1 4
883 870 875 73 1 4
883 870 872 46 21 4
883 802 815 9 8 4
883 802 805 827 365 100 15 4
883 771 777 430 1 4
883 771 776 283 10 4
883 250 272 433 10 4
883 176 321 328 367 4 4
883 176 278 294 45 18 4
883 176 278 294 797 183 9 4
883 176 278 294 597 22 1 4
883 6 34 52 5 4
847 13 30 2
847 972 287 29 2
847 972 1072 357 2 2
847 732 722 730 240 5 2
847 732 722 570 572 295 2 2
847 732 722 448 498 514 383 7 2
840 1185 1191 122 7 2
840 1185 1190 245 6 2
840 1151 1165 315 12 2
840 1151 1164 50 20 2
840 842 854 123 2 2
840 842 853 296 12 2
840 228 241 165 460 6 2
840 228 2 13 819 195 36 9 2
840 192 204 328 1 2
835 1170 1175 961 84 2 9
835 1152 1167 448 1 9
835 1092 1102 181 1 9
835 1092 1101 344 2 9
835 1092 1100 418 10 9
835 1092 396 408 224 6 9
835 880 893 193 6 9
835 880 892 394 22 9
835 837 961 84 18 9
835 770 775 219 11 9
835 770 773 449 18 9
835 721 729 162 6 9
835 721 728 312 1 9
835 670 771 776 283 1 9
835 670 692 14 7 9
835 570 572 295 4 9
835 555 626 633 208 2 9
835 516 841 850 398 3 9
835 516 535 543 128 14 9
835 516 535 542 256 13 9
835 516 535 540 165 460 2 9
835 516 535 539 411 7 9
835 516 524 395 3 9
835 516 523 110 3 9
835 497 509 404 1 9
835 497 508 440 14 9
835 468 491 278 22 9
835 468 489 204 6 9
835 382 392 141 2 9
835 275 753 767 400 6 9
835 250 272 433 1 9
835 175 183 441 1 9
835 51 175 183 441 2 9
835 51 61 439 14 9
835 51 60 998 24 18 9
806 1094 436 444 202 5 7
806 1094 350 1152 1167 448 1 7
806 1094 85 225 232 475 1 7
806 834 184 11 7
806 833 136 26 7
806 832 350 24 7
806 831 251 9 7
806 830 220 2 7
806 801 811 371 11 7
806 801 810 231 4 7
806 801 809 242 211 1 7
806 801 802 805 108 124 445 5 7
806 801 800 808 337 18 7
806 801 395 698 712 376 1 7
806 801 395 403 167 6 7
806 699 718 784 355 10 7
806 537 551 112 15 7
806 350 1121 1145 133 15 7
806 350 844 866 168 3 7
806 212 222 435 10 7
806 212 222 942 409 3 7
806 212 220 437 7 7
806 212 219 33 12 7
795 8 22 0
795 161 54 3 0
751 1000 1004 310 18 7
751 759 428 28 7
751 759 837 961 84 2 7
751 759 439 55 20 7
751 758 451 11 7
751 757 428 182 15 7
751 755 40 24 7
751 722 448 498 514 383 2 7
751 722 448 464 70 22 7
751 497 508 440 11 7
751 497 508 1052 69 11 7
751 497 507 331 1 7
751 131 162 365 3 7
751 131 134 170 325 23 7
751 1 11 259 8 7
751 1 10 511 31 1 7
749 387 36 2
749 872 46 26 2
749 162 365 13 2
724 917 948 417 24 4
724 917 947 178 7 4
724 742 734 408 224 5 4
724 725 748 270 8 4
724 725 744 142 134 30 4
724 721 728 312 37 4
724 720 727 197 6 4
724 380 383 75 8 4
714 207 86 5
714 699 718 784 355 15 5
714 645 828 373 6 5
714 430 78 43 5
700 63 45 2
700 1075 1058 1071 902 155 192 5 2
700 1026 199 24 2
700 695 1153 1169 246 1 2
697 1170 1175 961 84 6 1
697 1170 1174 599 236 1 1
697 1170 1173 472 26 1
697 1016 1028 393 3 1
697 995 998 24 4 1
697 696 708 396 9 1
697 696 626 633 208 1 1
695 1153 1169 246 26 4
695 912 925 223 9 4
695 912 915 938 203 1 4
695 912 6 34 52 3 4
695 912 6 33 779 148 8 4
695 782 789 443 4 4
695 705 77 24 4
695 704 288 8 4
695 701 154 23 4
695 701 909 14 317 7 4
695 350 844 866 168 1 4
695 54 750 754 293 6 4
695 54 74 663 6 5 4
688 44 65 3
688 670 692 14 4 3
688 670 691 368 7 3
688 77 356 24 3
683 324 33 2
683 1162 150 12 2
683 1162 1151 1164 50 1 2
683 964 130 8 2
683 668 45 46 53 1 2
683 171 68 13 2
669 783 798 471 2 2
669 783 797 183 7 2
669 686 487 229 16 2
669 555 626 632 114 1 2
669 555 561 275 15 2
669 176 278 294 597 22 1 2
669 176 278 293 241 10 2
669 176 187 476 20 2
669 176 186 473 3 2
667 682 299 42 2
667 682 169 200 8 2
667 681 124 15 2
667 678 469 6 2
667 677 366 4 2
666 883 6 33 779 148 1 1
666 676 476 16 12 1
666 675 975 748 270 25 1
666 674 237 292 4 1
666 415 108 124 445 5 1
666 415 108 122 302 1 1
666 415 108 121 215 2 1
657 113 57 2
657 643 723 737 235 1 2
657 452 115 3 2
657 71 405 14 2
656 447 55 3
656 673 349 24 3
656 673 665 129 125 139 12 4 3
656 643 723 737 235 4 3
656 643 723 736 56 9 3
656 643 723 733 57 97 3 3
656 243 228 2 13 819 195 36 1 3
650 25 50 2
650 765 29 25 2
642 1015 841 850 398 6 5
642 780 880 892 394 7 5
642 780 108 121 215 6 5
642 720 727 118 169 10 5
642 720 726 108 3 5
642 652 149 25 5
642 649 258 18 5
642 644 663 6 7 5
642 643 723 733 57 97 1 5
642 643 661 335 4 5
642 643 660 406 8 5
642 643 660 1138 925 223 1 5
642 643 658 313 1 5
642 358 496 278 293 241 2 5
642 358 377 188 12 5
642 358 357 374 454 1 5
642 358 276 286 213 2 5
642 350 844 866 168 1 5
642 212 219 33 21 5
642 212 218 234 14 5
641 1032 1042 832 350 11 8
641 1032 1042 832 583 348 10 8
641 1032 1042 777 430 4 8
641 1032 1041 524 395 3 8
641 882 900 728 312 11 8
641 882 898 244 17 8
641 698 712 376 4 8
641 698 711 127 9 8
641 557 564 254 15 8
641 525 611 618 126 5 8
641 525 611 616 597 22 8 8
641 320 497 507 331 5 8
641 320 326 93 20 8
641 320 324 7 14 8
641 130 1032 1041 524 395 3 8
641 130 161 54 3 8
641 130 160 243 4 8
641 130 125 139 12 5 8
641 130 125 138 158 22 8
641 130 125 135 249 5 8
641 52 68 187 9 8
641 52 66 103 2 8
641 52 65 14 317 21 8
641 52 64 407 10 8
641 52 62 678 469 5 8
640 870 872 46 8 3
640 611 616 597 22 1 3
640 611 614 46 53 5 3
640 446 753 767 400 2 3
640 436 444 202 1 3
640 436 442 322 8 3
640 436 440 1066 125 10 3
640 436 440 1051 263 2 3
640 436 439 55 17 3
640 357 374 454 12 3
640 275 753 767 400 8 3
640 275 284 221 24 3
640 275 283 777 430 2 3
617 95 41 2
617 879 30 22 2
617 879 967 205 2 2
617 611 614 46 53 9 2
617 96 61 1 2
586 80 45 2
586 575 1186 1196 253 10 2
586 49 304 16 2
586 49 371 334 4 2
582 175 66 4
582 928 15 24 4
582 743 43 131 4 4
582 594 264 31 4
579 599 236 44 4
579 598 453 12 4
579 580 601 76 16 4
579 225 232 475 14 4
579 225 230 381 24 4
579 225 229 269 8 4
579 134 169 200 7 4
578 1151 1164 50 5 9
578 1151 1161 408 9 9
578 1092 396 408 224 2 9
578 951 962 414 1 9
578 951 961 84 7 9
578 951 805 108 121 215 8 9
578 620 1059 1078 195 1 9
578 620 884 905 378 7 9
578 620 884 800 808 337 3 9
578 620 884 396 408 224 2 9
578 620 882 898 244 1 9
578 620 625 628 423 1 9
578 620 624 427 33 9
578 597 22 36 9
578 597 1145 133 9 9
578 594 264 29 9
578 593 0 17 9
578 577 592 1164 50 12 9
578 577 321 328 367 2 9
578 577 6 33 779 148 6 9
578 576 590 120 9 9
578 576 589 465 7 9
578 575 1186 1196 253 1 9
578 575 1186 802 805 108 121 215 6 9
578 210 1170 1173 472 1 9
578 210 1016 1028 393 10 9
578 210 1016 1028 258 457 5 9
578 210 1016 1025 119 4 9
578 210 213 343 2 9
578 210 211 497 507 331 5 9
578 210 211 217 255 5 9
578 210 87 99 421 4 9
575 1186 770 773 449 9 5
575 912 6 33 779 148 2 5
575 584 346 43 5
575 583 348 42 5
575 580 601 76 4 5
575 436 439 55 6 5
575 436 439 1149 410 8 5
575 191 198 330 28 5
575 191 134 169 200 8 5
556 1015 841 850 398 4 6
556 1015 311 318 297 8 6
556 1015 132 166 279 14 6
556 995 998 24 15 6
556 781 803 825 118 9 6
556 781 788 290 1 6
556 781 786 416 17 6
556 576 589 465 8 6
556 576 587 139 15 6
556 576 587 1062 339 2 6
556 562 726 108 9 6
556 562 506 11 13 6
556 562 60 998 24 5 6
556 562 60 983 165 9 6
556 193 209 379 29 6
556 193 208 121 3 6
556 5 28 314 9 6
556 5 28 318 297 5 6
538 995 998 24 17 6
538 995 997 277 14 6
538 643 658 313 26 6
538 643 655 164 2 6
538 581 606 342 4 6
538 356 498 514 383 9 6
538 356 498 513 1142 434 4 6
538 356 498 512 1060 289 3 6
538 356 498 511 31 11 6
538 356 369 59 14 6
538 193 208 121 28 6
538 3 20 228 18 6
538 3 19 47 14 6
538 3 18 876 1124 311 11 6
527 248 22 1
527 525 611 614 46 53 1 1
527 525 528 452 5 1
527 215 189 22 1
526 1186 770 773 449 11 8
526 1186 357 374 454 3 8
526 995 997 277 2 8
526 995 996 455 191 11 8
526 995 996 454 377 24 8
526 910 918 386 2 8
526 525 528 452 4 8
526 525 295 299 198 17 8
526 525 295 298 320 2 8
526 525 247 259 28 6 8
526 466 4 21 459 14 8
526 395 403 167 11 8
526 395 403 1137 109 1 8
526 395 401 232 1 8
526 395 399 444 5 8
526 356 369 59 2 8
526 356 365 100 14 8
526 356 364 104 3 8
526 297 309 375 5 8
526 297 308 111 21 8
526 297 308 1105 369 1 8
526 297 275 283 777 430 10 8
526 297 275 281 176 7 8
526 297 227 237 292 1 8
526 226 844 866 168 35 8
526 226 844 864 401 6 8
526 226 580 601 76 6 8
515 1016 1025 119 10 6
515 1016 1024 631 194 4 6
515 1016 537 551 112 8 6
515 770 537 551 112 2 6
515 770 108 121 215 5 6
515 753 767 400 7 6
515 753 765 29 7 6
515 753 764 101 3 6
515 667 677 366 16 6
515 627 638 74 7 6
515 627 637 135 6 6
515 627 636 384 8 6
515 320 324 7 7 6
515 275 281 176 10 6
515 249 269 274 2 6
515 249 268 432 333 3 6
515 249 267 117 8 6
515 249 226 580 601 76 6 6
515 246 257 354 6 6
515 106 111 318 7 6
515 106 110 301 25 6
515 36 42 5 6 6
515 36 41 262 3 6
515 36 40 419 9 6
473 294 42 2
473 940 491 278 11 2
473 894 212 22 2
470 913 932 468 7 5
470 913 931 363 6 5
470 913 536 547 282 2 5
470 841 850 398 1 5
470 841 849 257 11 5
470 841 848 358 29 5
470 570 572 295 2 5
470 570 571 218 15 5
470 557 563 190 7 5
470 536 547 282 8 5
470 469 492 347 10 5
470 465 476 16 7 5
470 465 475 155 192 11 5
470 465 472 89 9 5
470 465 471 284 17 5
470 465 396 408 224 1 5
470 465 396 408 1164 50 2 5
470 415 108 121 215 1 5
470 415 108 118 169 4 5
467 1081 1085 226 4 3
467 1081 1055 1060 289 30 3
467 1081 356 364 104 6 3
467 845 844 864 401 1 3
467 483 599 236 12 3
467 332 1152 1167 448 4 3
467 332 346 3 10 3
467 246 257 354 8 3
467 246 253 2 8 3
467 246 252 96 17 3
460 266 61 2
460 944 937 915 938 203 3 2
460 936 332 11 2
458 478 41 2
458 980 340 22 2
458 446 753 764 101 12 2
445 1033 1046 242 6 5
445 570 571 218 6 5
445 468 489 204 11 5
445 468 487 229 9 5
445 468 486 92 15 5
445 468 321 328 367 8 5
445 455 191 5 5
445 454 377 7 5
445 453 374 24 5
445 452 115 44 5
445 451 34 8 5
445 355 361 49 5 5
445 45 46 53 2 5
418 696 626 632 114 11 4
418 495 504 68 187 5 4
418 495 502 345 32 4
418 433 390 22 4
418 432 333 27 4
418 428 182 7 4
418 427 37 8 4
418 426 4 13 4
416 1151 1161 408 7 1
416 1151 557 563 190 5 1
416 320 323 132 11 1
416 320 278 293 241 26 1
416 320 278 293 932 468 1 1
409 413 73 4
409 510 238 28 4
409 510 567 239 19 4
409 396 408 1164 50 5 4
396 408 1164 50 11 1
396 407 767 400 28 1
396 407 767 1046 242 11 1
394 338 54 3
394 1098 286 23 3
394 437 217 2 3
394 382 392 141 9 3
394 382 390 138 11 3
394 382 380 383 75 1 3
390 138 18 0
390 419 83 7 0
389 456 71 3
389 966 86 3 3
389 966 502 345 7 3
389 966 502 424 467 6 3
389 649 258 1 3
389 381 803 825 118 8 3
389 381 803 820 391 4 3
373 161 96 4
373 1084 240 1038 173 3 4
373 357 374 454 14 4
373 319 32 12 4
354 1010 22 298 19 2
354 1010 22 37 420 2 2
354 1004 310 28 2
354 987 956 986 380 1 2
354 688 77 356 21 2
354 350 844 864 401 3 2
354 350 771 776 283 1 2
343 163 32 2
343 855 399 19 2
343 331 1185 1190 245 12 2
343 331 1115 1124 311 5 2
343 331 345 58 7 2
333 1119 1115 1124 311 10 3
333 1119 1115 1123 65 5 3
333 1119 395 399 444 6 3
333 435 611 614 46 53 2 3
333 435 497 507 331 5 3
333 348 969 359 2 3
333 348 969 808 337 2 3
333 332 346 3 14 3
333 277 1121 1145 133 4 3
333 277 610 612 1 1 3
333 277 292 87 11 3
333 246 252 96 1 3
333 246 252 75 360 15 3
333 85 225 229 269 3 3
333 85 92 849 257 11 3
333 85 90 729 162 1 3
333 85 87 99 421 3 3
333 85 87 97 463 4 3
314 129 40 3
314 1079 42 12 3
314 1079 25 767 1046 242 4 3
314 996 454 377 2 3
314 816 402 25 3
314 511 31 17 3
306 273 59 2
306 1024 631 194 4 2
306 142 134 12 2
296 842 853 296 1 3
296 724 380 383 75 1 3
296 447 576 587 1062 339 1 3
296 447 463 201 2 3
296 447 462 462 28 3
296 447 1 10 511 31 2 3
296 330 340 336 936 332 2 3
296 330 339 107 14 3
296 330 338 43 6 3
296 310 312 830 220 1 3
296 310 226 580 601 76 4 3
296 310 50 57 97 19 3
296 303 1139 151 6 3
296 297 227 237 292 1 3
296 45 46 53 12 3
290 79 12 1
290 1146 147 10 1
290 1146 796 307 13 1
290 276 286 213 15 1
274 389 84 4
274 928 15 20 4
274 928 986 380 21 4
244 364 35 4
244 411 227 48 4
244 361 49 42 4
242 211 100 3
236 172 41 2
236 747 422 33 2
236 226 580 601 76 1 2
190 782 789 443 24 6
190 643 655 164 16 6
190 643 570 571 218 9 6
190 435 497 507 331 5 6
190 435 437 217 26 6
190 435 437 323 132 3 6
190 435 227 237 292 11 6
190 435 52 62 678 469 1 6
190 195 36 34 6
190 194 336 14 6
190 193 207 214 19 6
190 193 205 110 301 6 6
190 193 205 110 142 134 7 6
177 1186 357 374 454 2 9
177 1117 1132 41 19 9
177 1117 1131 135 249 8 9
177 1000 1004 310 1 9
177 1000 1003 39 13 9
177 1000 1003 1143 82 10 9
177 950 960 612 1 23 9
177 950 959 26 5 9
177 950 132 166 279 3 9
177 950 132 165 460 5 9
177 805 108 118 169 2 9
177 771 776 283 6 9
177 525 247 259 28 13 9
177 525 247 258 457 7 9
177 381 803 820 391 4 9
177 381 388 180 13 9
177 350 771 776 283 5 9
177 350 498 511 31 19 9
177 350 351 370 14 9
177 176 186 473 21 9
177 176 185 477 11 9
177 175 181 66 7 9
177 35 950 132 165 460 9 9
177 35 950 132 164 102 1 9
177 35 37 420 29 9
174 470 30 2
174 1156 412 13 2
174 1156 1150 398 412 392 8 2
174 1156 1150 36 40 419 2 2
174 615 611 614 46 53 4 2
174 615 404 983 165 10 2
174 134 169 200 8 2
161 54 25 0
158 261 21 0
158 129 125 135 249 4 0
152 588 206 12 0
152 588 576 587 1062 925 223 2 0
152 127 359 357 374 761 353 3 0
152 127 359 357 371 334 5 0
133 803 820 391 16 3
133 803 820 776 283 5 3
133 783 797 183 16 3
133 783 797 142 134 4 3
133 783 796 307 5 3
133 783 795 161 54 1 3
133 783 794 372 9 3
133 783 793 67 8 3
133 167 208 121 36 3
127 359 357 371 334 10 3
127 155 192 8 3
127 155 864 401 25 3
127 151 98 31 3
127 149 27 8 3
127 128 157 23 1 3
127 128 156 450 12 3
127 128 156 788 290 4 3
127 125 135 249 1 3
126 1116 1126 157 4 4
126 620 570 571 218 2 4
126 620 468 321 328 367 5 4
126 620 193 205 110 142 134 1 4
126 620 51 60 983 165 14 4
126 620 51 59 43 131 12 4
126 535 539 411 3 4
126 147 152 15 4
126 144 321 21 4
126 143 819 195 36 6 4
126 142 134 23 4
126 134 132 164 102 16 4
126 134 132 163 209 3 4
107 915 938 203 4 5
107 915 936 332 27 5
107 915 783 793 67 8 5
107 915 396 407 767 1046 242 2 5
107 752 782 789 443 3 5
107 752 762 142 25 5
107 752 761 353 14 5
107 516 523 110 20 5
107 516 522 271 5 5
107 516 519 309 8 5
107 108 118 169 3 5
107 86 96 61 23 5
107 86 95 237 8 5
103 442 20 0
103 1053 159 5 0
93 268 25 1
93 970 953 956 986 380 3 1
93 85 87 97 463 12 1
78 155 76 4
78 1004 310 4 4
78 651 385 36 4
78 651 558 1063 291 9 4
55 910 918 386 7 3
55 723 733 57 97 6 3
55 627 636 384 4 3
55 627 311 318 297 7 3
55 627 311 317 1072 357 5 3
55 627 311 317 1072 1143 82 2 3
55 627 311 316 198 330 5 3
55 80 329 4 3
55 79 250 14 3
55 77 356 9 3
55 76 308 7 3
55 75 360 26 3
55 54 52 62 678 469 4 3
53 1185 1190 245 12 3
53 1185 1055 1060 289 5 3
53 1185 844 864 401 9 3
53 1185 611 614 46 53 2 3
53 295 298 320 2 3
53 73 455 6 3
53 72 382 49 3
53 69 196 15 3
