537

797 168 92
796 101 12
795 106 106
793 196 34
791 249 127
791 789 706 627 228 2
784 153 104
778 170 43
778 726 722 197 2
778 780 237 47
778 779 366 129 20
778 779 64 696 695 143 3
778 779 556 321 11
778 779 780 237 2
777 352 45
777 127 60 9
775 44 38
774 296 73
774 2 626 147 14
774 773 8 7
770 155 106
770 771 17 46
770 707 158 137 24
770 707 23 50 93 294 16
770 707 23 25 180 3
767 140 90
767 769 244 46
765 308 49
761 67 35
761 759 150 36
760 161 88
757 245 72
757 704 709 705 28 183 1
756 325 81
755 24 73
753 265 70
751 343 150
751 616 158 137 4
745 185 101
745 316 740 764 217 17
742 256 155
742 102 350 18
742 514 518 568 145 1
742 514 516 411 208 10
742 514 516 518 568 145 7
742 514 515 562 258 9
742 738 173 26
741 31 92
741 738 173 30
739 68 146
739 738 173 1
731 309 141
731 735 243 23
731 734 735 243 12
728 261 15
724 273 70
724 722 197 3
719 166 76
719 720 721 276 16
719 210 213 84 227 4
718 246 92
717 65 46
717 46 55 4
714 111 31
711 281 80
711 23 25 180 30
711 23 22 25 180 5
711 712 284 22
711 710 311 35
692 267 44
687 158 63
687 686 12 40
685 118 52
685 67 65 246 288 6
685 686 12 1
684 99 59
679 322 63
677 22 46
677 54 50 93 294 13
677 54 50 69 204 1
677 441 452 1 25
677 678 340 15
676 53 50
675 85 85
672 254 79
671 171 86
670 169 69
668 198 65
668 666 480 266 14
668 666 480 481 131 7
668 613 665 664 108 1
663 299 119
663 94 93 294 5
663 661 46 22
660 81 165
660 378 76 78 79 109 5
660 661 46 16
653 305 64
653 656 224 4
653 655 656 224 5
653 655 654 151 1
653 655 652 190 5
653 654 151 20
653 652 190 38
651 37 42
646 216 123
646 56 50 69 204 22
644 28 49
642 174 62
642 643 162 8
641 64 176
641 489 315 1
641 355 578 69 7
641 355 414 6 4
640 41 78
640 643 162 47
638 351 72
634 346 87
632 112 70
632 353 737 526 528 139 4
632 353 654 151 29
632 629 293 14
625 86 57
599 271 55
599 600 290 12
595 25 29
594 156 61
592 191 78
592 773 8 14
592 591 589 212 1
592 589 212 19
587 282 59
584 313 138
584 618 699 698 287 2
584 618 617 556 321 26
579 330 25
579 662 661 46 20
579 581 580 280 8
579 580 280 30
577 200 13
576 209 127
576 516 518 568 145 11
576 516 511 773 8 9
575 91 86
574 122 62
574 698 287 19
570 225 65
569 236 46
565 178 58
563 283 26
557 72 135
557 759 150 28
557 556 321 20
554 172 54
554 346 242 13
553 94 34
552 49 90
552 187 304 12
552 551 223 30
552 550 268 16
549 93 80
549 347 346 242 3
549 703 705 28 183 18
549 548 338 36
549 545 84 227 11
542 202 131
542 40 164 23
542 706 627 228 21
542 706 400 358 2
542 548 338 32
541 36 70
541 346 242 37
538 133 66
537 316 56
537 214 230 45 11
537 214 144 34 481 131 8
529 345 165
529 654 151 11
529 266 306 16
525 307 127
525 62 411 208 18
524 337 5
522 148 44
520 328 163
520 510 626 147 2
507 117 115
506 229 45
505 32 145
503 252 168
500 248 118
500 696 695 143 9
500 578 69 24
499 302 68
499 498 443 446 320 292 20
497 84 55
496 18 77
496 495 11 11
494 295 41
491 90 66
491 489 315 40
491 488 286 24
487 56 43
482 77 163
482 722 197 3
482 486 629 293 2
482 486 346 242 2
475 357 90
475 536 109 157 1
475 350 127 60 21
475 350 359 43 10
474 275 108
474 759 150 18
473 59 28
469 320 34
469 470 400 358 16
466 213 84
464 221 135
463 100 124
462 184 68
459 327 68
459 678 340 14
457 54 51
454 39 26
448 127 45
438 167 129
437 218 41
435 342 45
433 260 34
432 62 32
428 210 58
427 142 15
426 124 92
426 22 25 180 5
424 232 51
424 730 15 11
424 26 115 37
423 220 161
423 395 186 19
416 353 103
416 721 276 5
416 414 6 12
415 92 106
415 605 609 207 20
415 414 6 11
413 130 123
413 414 6 31
409 125 82
409 411 208 11
409 408 234 34
402 203 99
397 66 118
396 269 53
396 395 186 19
394 165 14
394 395 186 2
387 192 84
387 386 63 9
385 319 56
385 53 511 773 8 22
385 53 50 69 204 8
385 386 63 19
384 97 26
384 386 63 7
383 274 187
383 0 451 160 36
383 386 63 12
381 215 69
381 720 721 276 7
381 559 705 28 183 5
377 297 37
377 763 138 7
375 199 74
375 705 28 183 2
370 238 96
370 366 129 4
364 257 40
363 21 55
363 508 763 138 15
363 710 311 4
361 310 25
349 323 96
342 57 45
342 346 242 8
342 344 346 242 11
338 187 97
338 249 252 19 12
338 230 45 14
338 337 144 34 481 131 6
338 337 144 190 279 15
338 337 340 528 139 14
336 341 114
336 341 340 528 139 8
336 340 528 139 1
335 194 86
335 380 169 171 168 135 5
334 303 84
333 300 42
333 799 278 29
331 259 82
331 400 358 41
331 329 163 17
330 298 72
330 329 163 33
328 52 81
328 635 636 23 15
327 348 35
326 326 69
326 421 419 179 96 5
326 421 419 606 609 207 11
326 421 419 606 607 96 230 4
326 400 358 9
326 323 262 35
326 294 582 580 280 6
321 179 111
321 320 292 45
318 20 54
318 320 292 3
310 128 64
310 93 294 36
308 331 107
301 95 92
297 250 52
297 298 25 180 5
297 296 136 12
288 333 93
288 515 562 258 4
288 515 568 145 8
288 289 286 40 29
288 286 40 29
287 14 65
287 707 23 22 25 180 4
287 286 40 14
282 344 36
281 30 113
281 279 105 41
280 241 36
278 29 99
278 58 306 696 695 143 1
278 217 697 69 204 12
278 217 713 26 115 6
277 270 31
275 149 63
275 237 121 38
272 239 52
272 251 252 19 1
271 356 92
271 440 636 23 1
271 440 443 446 320 292 2
271 440 443 470 400 358 3
271 440 616 158 137 10
271 269 80 46
270 226 100
270 220 696 695 143 4
270 220 79 109 3
270 269 80 12
268 339 60
268 609 207 5
268 266 306 38
267 359 77
267 481 131 21
267 629 293 36
263 13 126
263 264 35 29
259 231 51
254 175 63
254 159 89 45
248 123 57
248 582 580 280 7
248 252 19 39
245 114 15
243 82 83
243 101 347 40
242 233 166
242 25 180 2
242 244 643 162 38
241 219 90
241 252 19 38
241 546 548 338 29
241 546 545 84 227 2
238 205 93
238 315 617 556 321 11
238 610 624 102 26
238 610 626 147 6
238 237 121 12
234 272 84
234 450 329 21
233 76 40
228 83 24
227 70 54
226 189 45
223 103 53
218 324 52
218 222 220 79 109 3
208 48 53
207 3 14
205 251 106
205 299 400 358 1
205 299 664 108 36
203 16 110
200 27 63
198 152 94
198 64 696 695 143 4
198 201 38 3 340 528 139 6
195 235 31
195 144 190 279 9
195 197 551 223 7
195 197 196 7 28
194 146 128
191 61 6
191 190 279 10
189 253 63
189 187 304 47
188 87 64
188 187 304 19
186 33 94
185 120 42
184 107 51
178 289 140
178 182 101 102 350 3
178 179 96 43
176 285 82
175 116 60
174 141 47
170 132 35
170 699 698 287 7
170 230 45 4
170 171 168 135 6
170 168 135 22
167 201 135
167 612 617 556 321 9
167 612 617 695 143 33
166 193 123
164 0 97
161 336 59
155 240 20
155 154 71 6
152 222 25
151 26 42
147 355 70
147 551 223 10
138 42 114
137 177 88
137 626 147 11
135 104 73
134 211 42
133 332 55
131 182 46
129 47 73
129 128 144 2
126 110 68
126 127 60 30
124 75 162
124 771 17 26
122 10 41
121 291 40
120 349 65
120 119 604 607 96 230 1
116 51 31
113 317 33
112 58 34
112 606 607 96 230 12
112 110 78 28
111 4 63
111 110 78 6
108 318 24
108 488 286 21
108 488 489 315 16
108 109 157 29
108 107 88 13
103 38 84
103 101 102 350 28
98 255 49
95 5 60
95 96 230 21
89 314 132
88 134 51
88 91 87 181 22
88 90 91 87 181 8
88 90 52 93 294 2
86 277 67
86 312 313 334 23
86 446 320 292 2
86 85 84 227 6
86 84 227 20
83 214 14
83 213 84 227 6
82 301 123
82 780 237 45
82 81 312 35
75 50 19
75 101 102 350 14
74 206 97
74 630 40 164 31
73 335 57
73 72 113 35
70 126 73
70 290 249 252 19 4
70 290 710 311 4
70 290 298 25 180 18
70 290 298 296 136 4
63 263 53
63 725 722 197 17
63 62 411 208 4
59 2 128
44 154 38
44 480 481 131 6
44 46 55 22
43 354 178
43 659 107 88 2
43 352 578 69 17
43 352 400 358 19
43 292 313 334 6
43 41 187 304 35
42 195 15
35 119 96
35 128 144 33
35 34 481 131 4
35 34 36 46 55 7
32 264 75
31 79 60
29 9 63
27 98 23
27 662 661 46 13
27 26 115 8
19 74 86
17 176 163
17 518 568 145 6
17 3 340 528 139 13
16 247 64
16 556 321 2
16 144 190 279 5
14 73 155
12 34 80
12 548 338 50
10 188 31
7 159 64
7 636 23 23
