748

797 168 92
797 274 272 239 5
797 795 106 49
796 101 12
796 795 106 4
792 506 229 17
792 130 128 144 2
791 249 127
791 579 330 5
791 710 311 43
791 710 363 21 2
791 793 196 34
791 789 583 396 269 5
783 381 215 45
783 718 246 33
783 787 784 153 36
783 787 781 784 153 2
783 785 784 153 17
783 785 781 784 153 13
783 784 153 8
778 170 43
778 726 722 197 2
778 780 237 47
778 779 366 129 24
778 779 366 370 238 2
778 779 777 352 10
778 777 352 26
775 44 38
774 296 73
774 773 8 7
770 155 106
770 202 200 27 21
770 772 438 167 19
770 771 17 46
770 707 287 14 5
770 707 158 137 24
770 707 706 627 228 5
770 707 701 448 127 9
769 244 46
769 44 154 14
769 767 140 46
768 767 140 38
766 765 308 49
766 764 217 1
760 161 88
760 432 62 6
760 761 67 35
760 761 759 150 9
758 762 759 150 16
758 759 150 50
757 245 72
757 565 178 27
757 755 24 28
757 704 763 138 4
756 325 81
753 265 70
751 343 150
751 616 158 137 4
747 281 30 32
747 703 742 256 19
745 185 101
745 316 484 487 56 6
745 316 740 764 217 16
745 316 740 742 256 6
745 525 307 36
741 31 92
741 742 256 9
741 738 173 47
739 68 146
739 742 256 19
739 738 173 1
731 309 141
731 735 243 23
731 734 735 243 12
729 728 261 15
724 273 70
724 722 197 3
721 276 28
719 166 76
719 720 381 215 16
719 718 246 20
719 717 65 39
708 508 363 21 5
708 508 763 138 18
708 706 627 228 18
708 706 542 202 1
708 700 712 284 15
698 287 28
698 699 697 69 204 12
694 590 589 212 1
694 361 310 25
694 696 695 143 12
694 695 143 9
686 12 41
686 687 158 40
686 685 118 36
684 99 59
684 254 175 36
684 687 158 16
684 428 210 11
679 322 63
679 151 26 28
679 683 95 5 1
679 680 29 9 15
678 340 29
677 22 46
677 583 396 269 6
677 583 587 282 8
677 441 452 1 25
677 676 53 15
675 85 85
675 85 86 277 28
675 85 84 227 8
675 357 428 210 26
672 254 79
671 171 86
671 455 458 457 54 3
671 455 457 54 31
670 169 69
668 198 65
668 666 480 266 14
668 666 557 72 15
668 613 71 370 238 1
662 133 332 25
662 579 330 20
662 418 575 91 31
662 663 299 11
662 660 81 35
662 659 107 88 2
662 659 660 81 9
661 46 71
661 255 254 175 2
661 611 7 159 11
661 213 84 227 1
661 663 299 31
661 660 81 16
654 151 61
654 353 438 167 29
654 656 224 7
652 190 43
652 509 638 351 22
652 656 224 2
652 653 305 26
650 651 37 18
646 216 123
644 28 49
644 161 336 10
643 162 93
642 174 62
641 64 176
641 169 380 335 194 5
641 169 171 170 132 9
641 355 786 335 194 4
641 355 786 784 153 5
641 355 32 264 3
640 41 78
634 346 87
630 74 206 31
630 40 164 39
630 629 293 9
622 755 24 45
615 456 457 54 17
615 613 71 370 238 1
615 612 164 0 28
615 612 676 53 3
615 611 7 159 21
604 119 121 291 34
604 608 519 518 568 145 14
600 290 12
600 599 271 19
594 156 61
594 595 25 16
592 191 78
592 32 264 27
592 773 8 8
592 591 248 123 2
592 591 370 238 11
592 589 212 19
588 587 282 2
586 587 282 14
586 583 587 282 1
584 313 138
584 618 185 120 27
584 618 525 307 1
580 280 51
580 582 248 123 7
576 209 127
576 577 200 13
576 516 411 208 20
576 575 91 35
574 122 62
574 6 10 188 1
574 6 7 159 15
574 575 91 20
574 573 328 52 4
570 225 65
569 236 46
566 563 283 21
564 567 565 178 14
564 565 178 17
564 563 283 5
556 321 79
556 16 247 2
556 617 799 278 12
556 617 695 143 33
556 617 612 676 53 1
556 557 72 20
552 49 90
552 551 223 30
552 550 268 16
549 93 80
549 542 202 16
548 338 147
548 95 5 19
548 546 542 202 17
548 542 202 32
545 84 227 13
545 542 202 30
543 542 202 7
538 133 66
538 227 70 16
536 109 157 30
530 625 86 42
530 531 297 250 18
529 345 165
529 692 267 42
529 266 306 16
528 139 46
524 337 5
524 525 307 15
520 328 163
520 125 738 173 9
520 125 123 287 14 9
520 125 122 10 2
520 523 638 351 11
520 523 599 271 20
520 523 326 326 12
520 522 148 31
520 521 522 148 13
520 510 626 147 1
515 517 591 370 238 3
515 562 258 13
515 568 145 8
515 513 335 194 34
515 513 517 591 370 238 2
515 513 511 773 8 6
514 137 177 42
514 551 223 7
514 742 256 42
514 518 568 145 1
514 516 411 208 1
514 516 518 568 145 10
514 516 518 603 266 306 2
514 516 511 773 8 9
514 553 94 25
514 557 72 46
507 117 115
507 653 305 38
507 653 655 784 153 11
507 506 229 20
505 32 145
505 413 130 50
505 554 172 6
505 506 229 8
503 252 168
503 485 651 37 15
503 188 87 41
503 501 155 240 7
503 499 302 33
500 248 118
500 578 69 24
497 84 55
496 18 77
496 436 377 297 5
496 436 438 167 12
496 436 435 342 4
495 11 11
491 90 66
491 488 286 24
491 444 234 272 39
491 444 473 59 10
489 315 57
482 77 163
482 722 197 3
482 487 56 3
482 486 629 293 7
482 486 485 651 37 4
482 485 651 37 5
482 484 487 56 34
476 465 466 213 12
476 465 463 100 28
476 294 326 326 11
475 357 90
475 350 359 43 10
475 350 362 363 21 10
474 275 108
474 759 150 7
474 759 557 72 11
474 335 194 23
474 680 29 9 6
474 444 473 59 13
474 444 481 131 8
470 469 320 26
470 443 498 499 302 6
470 443 446 86 277 2
470 443 351 5 10 188 2
464 221 135
464 207 3 14
464 466 213 46
464 463 100 11
462 184 68
462 466 213 26
462 463 100 30
461 7 159 13
459 327 68
454 39 26
454 795 106 17
449 448 127 4
440 583 587 282 34
440 636 23 39
440 444 481 131 5
440 448 127 20
440 616 158 137 10
439 32 264 6
439 438 167 36
439 435 342 5
437 218 41
437 467 465 463 100 2
437 467 463 100 7
437 438 167 22
437 435 342 22
431 234 272 16
431 433 260 20
431 432 62 14
427 142 15
426 124 92
423 220 161
423 312 86 277 37
423 424 232 29
422 742 256 8
422 424 232 22
422 424 730 15 11
422 424 26 115 10
420 767 140 6
419 179 96 5
419 606 112 58 12
419 606 609 207 15
419 421 326 326 20
419 421 353 632 112 24
417 701 448 127 12
417 701 29 9 3
416 353 103
416 413 130 42
415 92 106
414 6 58
414 413 130 31
409 125 82
408 234 34
408 213 84 227 3
408 407 245 114 4
400 358 91
400 326 326 9
400 331 259 41
400 79 109 11
400 79 78 76 378 660 81 2
397 66 118
397 291 463 100 29
395 186 40
395 560 663 299 21
395 560 561 559 381 215 8
395 396 269 19
394 165 14
394 223 103 8
394 396 269 14
387 192 84
387 16 247 2
387 386 63 9
385 319 56
385 53 57 795 106 4
385 53 611 7 159 4
385 53 511 773 8 22
385 386 63 19
385 384 97 26
383 274 187
383 541 36 33
383 281 30 5
383 386 63 12
376 378 660 81 30
376 377 297 21
375 199 74
375 435 342 14
375 705 245 114 2
375 377 297 11
365 370 238 17
365 367 133 332 15
365 367 370 238 4
365 367 369 370 238 1
364 257 40
364 370 238 1
364 368 370 238 1
364 368 369 370 238 11
364 366 370 238 5
356 355 32 264 10
356 355 205 251 24
356 353 632 112 4
349 323 96
349 29 9 26
349 595 25 1
347 343 195 235 22
347 343 323 262 2
346 242 74
346 541 36 37
346 554 172 13
342 57 45
342 344 795 106 17
338 187 97
338 249 290 710 363 21 2
338 249 290 710 711 281 1
338 249 248 123 5
338 337 557 72 29
336 341 114
336 94 663 299 22
336 445 494 295 37
336 295 335 194 12
336 295 291 463 100 1
334 303 84
334 335 194 8
332 402 203 45
332 333 300 42
330 298 72
330 534 537 316 11
330 331 259 19
330 328 52 37
329 163 50
329 331 259 22
329 331 328 52 13
329 328 52 19
327 348 35
325 326 326 4
325 324 323 262 28
325 323 262 5
321 179 111
321 318 20 1
320 292 72
320 318 20 49
311 103 38 31
311 308 331 35
310 128 64
310 309 308 331 7
310 308 331 45
306 225 223 103 30
306 58 131 182 39
306 58 133 332 3
306 292 308 331 20
306 292 313 334 3
301 95 92
301 304 430 428 210 7
301 304 103 38 20
299 664 108 37
299 664 665 613 71 370 238 4
299 205 251 37
299 215 799 278 13
299 354 438 167 11
299 354 692 267 2
299 291 463 100 6
298 297 250 34
298 297 296 136 12
298 296 136 4
298 290 710 711 281 20
298 290 742 256 2
288 333 93
288 287 14 29
286 40 72
286 473 59 2
286 289 287 14 8
286 287 14 14
282 344 36
280 241 36
280 281 30 9
279 105 41
279 281 30 48
279 217 713 26 115 2
278 29 99
278 217 713 26 115 14
278 217 248 123 4
275 149 63
275 237 121 38
275 472 256 254 175 21
275 272 239 46
271 356 92
271 269 80 46
270 226 100
270 469 320 8
270 269 80 12
267 359 77
267 481 131 21
267 224 227 70 6
267 224 225 223 103 11
267 629 293 36
267 268 339 27
267 266 306 27
264 35 29
263 13 126
263 386 63 7
263 742 256 32
259 231 51
252 19 94
252 248 123 39
247 98 255 24
247 245 114 6
247 212 235 663 299 7
247 212 216 268 339 8
247 212 215 799 278 4
247 212 215 134 211 3
247 212 215 209 223 103 1
247 212 215 216 268 339 23
247 212 215 216 272 239 1
243 82 83
243 711 281 31
243 164 0 18
242 233 166
242 281 30 10
241 219 90
238 205 93
238 315 291 463 100 10
238 492 494 295 4
238 610 132 131 182 4
238 610 624 102 11
238 610 626 147 17
238 237 121 12
233 76 40
233 235 663 299 17
233 235 234 272 15
233 234 272 3
233 211 402 203 33
230 45 29
230 170 132 4
228 83 24
226 189 45
226 227 70 32
226 223 103 3
218 324 52
203 16 110
203 200 27 4
199 201 38 40 164 15
199 201 200 27 19
199 200 27 5
198 152 94
198 200 27 14
194 146 128
194 660 81 35
194 599 271 16
187 304 113
187 41 134 211 27
187 189 253 47
187 188 87 19
186 33 94
186 189 253 5
186 188 87 4
184 107 51
184 185 120 5
178 289 140
178 179 96 43
176 285 82
176 370 238 32
175 116 60
168 135 33
168 170 132 22
167 201 135
167 612 676 53 31
167 164 0 13
166 193 123
166 164 0 10
166 162 164 0 25
160 578 69 24
160 159 89 45
160 159 254 175 4
152 222 25
147 355 70
147 451 160 17
147 551 223 10
146 593 595 25 12
146 208 48 27
146 141 424 26 115 8
146 141 155 240 13
146 141 155 154 71 6
146 141 161 336 18
145 716 319 318 20 4
145 716 714 111 31
145 557 72 8
145 196 7 28
145 143 784 153 12
145 143 784 428 210 14
145 143 326 326 6
145 143 185 120 10
145 141 161 336 27
144 34 481 131 15
144 16 247 5
144 663 299 5
144 195 235 9
144 189 253 11
144 190 279 39
144 190 191 61 2
140 688 687 158 7
140 525 307 19
140 638 351 39
140 134 211 12
140 142 619 164 0 3
140 141 161 336 4
138 42 114
138 139 137 177 7
138 139 135 104 26
138 137 177 12
138 135 104 47
129 47 73
129 33 32 264 29
127 60 60
127 777 352 9
126 110 68
124 75 162
124 363 21 36
124 771 17 26
124 122 10 39
120 349 65
116 51 31
111 4 63
111 701 29 9 3
111 701 718 246 16
111 113 317 33
111 112 58 22
111 112 110 78 11
111 110 78 23
108 318 24
108 488 286 21
108 107 88 13
106 537 316 45
106 525 307 38
102 350 63
102 742 256 18
101 347 40
101 75 50 19
101 103 38 28
96 230 38
96 624 102 15
96 624 625 86 15
96 607 609 207 21
96 607 609 268 339 2
96 607 609 268 266 306 3
96 95 5 21
93 294 72
93 94 663 299 5
90 91 88 134 9
90 91 87 181 16
90 88 134 42
90 87 181 14
90 52 95 5 19
89 314 132
83 214 14
83 213 84 227 6
82 301 123
82 151 26 14
82 780 237 45
82 174 141 47
82 81 312 35
80 205 251 45
80 239 433 260 14
73 335 57
73 74 206 40
73 72 113 35
73 72 74 206 2
70 126 73
70 632 112 8
65 246 288 6
65 67 685 118 16
63 263 53
63 499 302 29
63 725 558 557 72 6
63 725 722 197 17
63 62 525 307 18
63 62 411 208 1
59 2 128
59 98 255 22
59 62 411 208 21
54 281 30 9
54 554 172 28
54 57 795 106 15
54 57 84 227 18
54 55 717 65 6
54 55 117 473 59 3
50 133 332 12
50 98 255 3
50 56 701 718 246 12
50 69 204 31
48 118 632 112 34
48 118 121 291 6
45 331 328 52 8
45 137 177 27
45 44 154 24
43 354 178
43 352 554 172 7
43 352 554 131 182 3
43 352 554 553 94 9
43 352 402 203 21
42 195 15
36 46 55 33
36 34 481 131 3
36 34 542 202 6
35 119 96
35 128 144 33
31 79 60
28 183 26
28 705 245 114 3
28 26 115 9
27 98 23
27 26 115 8
25 180 72
23 711 281 28
23 711 712 284 7
23 707 701 718 246 11
23 707 701 718 717 65 1
23 707 351 5 10 188 28
19 74 86
17 176 163
17 235 234 272 11
17 235 234 450 329 1
17 660 81 38
17 396 269 9
17 518 603 266 306 6
17 18 20 16 247 15
15 208 48 26
15 20 16 247 14
15 16 247 24
14 73 155
14 304 103 38 5
14 16 247 2
12 34 80
2 626 147 15
2 74 206 24
2 527 277 270 31
2 527 523 326 326 7
2 4 432 62 12
2 4 680 29 9 10
2 706 542 202 22
0 451 160 19
0 451 450 329 20
0 293 780 237 2
0 293 317 191 61 4
0 293 292 313 334 26
