497

579 599 479 96 5 2
579 599 436 165 11 2
579 598 81 23 2
579 578 594 57 22 2
579 577 590 102 11 2
579 575 580 215 2 2
577 590 102 6 4
577 589 41 33 4
577 589 574 134 11 4
577 578 594 57 1 4
577 578 594 275 219 1 4
577 385 548 564 39 1 4
577 350 359 209 16 4
577 350 358 126 6 4
577 350 207 219 238 3 4
577 350 180 202 169 6 4
577 350 180 200 162 1 4
577 311 319 70 13 4
577 311 300 303 62 12 4
577 60 476 487 78 15 4
576 587 528 206 9 4
576 586 135 17 4
576 583 234 7 4
576 582 246 239 22 4
576 582 119 69 18 4
576 581 108 17 4
576 578 592 91 21 4
576 578 320 329 175 7 4
549 569 111 16 5
549 568 16 10 5
549 567 186 15 5
549 566 8 24 5
549 547 558 171 21 5
549 547 558 119 69 6 5
549 310 497 509 202 12 5
549 310 458 548 564 39 3 5
549 310 316 329 175 1 5
549 50 53 143 29 5
549 50 53 38 147 12 5
546 550 574 134 7 4
546 550 573 210 3 4
546 550 571 144 10 4
546 548 564 39 23 4
546 547 555 99 6 4
546 515 542 146 5 4
546 391 402 204 14 4
546 391 401 86 9 4
546 310 316 329 175 3 4
546 310 315 2 3 4
546 136 162 84 27 9 4
546 136 160 127 26 4
545 552 402 204 20 4
545 551 45 29 4
545 548 564 39 9 4
545 548 561 54 6 4
545 496 508 112 16 4
545 166 320 329 175 1 4
545 166 173 8 184 8 4
545 166 170 56 10 4
545 120 126 181 12 4
545 120 124 35 1 4
545 120 123 196 2 4
545 90 257 270 18 3 4
545 90 220 257 269 522 474 19 3 4
545 65 457 469 133 2 4
523 176 46 3
523 162 84 27 9 3
523 158 72 31 3
514 548 561 54 14 5
514 541 218 4 5
514 540 51 29 5
514 540 40 32 21 5
514 539 4 10 5
514 478 494 573 210 14 5
514 85 89 95 15 5
514 85 87 582 119 69 3 5
514 60 476 487 78 12 5
514 60 476 487 592 91 6 5
514 60 257 269 522 474 19 10 5
514 60 64 40 11 5
513 576 578 320 329 175 5 4
513 576 578 97 109 49 7 4
513 576 223 256 267 10 5 4
513 537 168 153 98 2 4
513 537 84 27 37 4
513 536 560 160 15 4
513 536 469 133 4 4
513 535 83 190 3 4
513 516 544 173 37 4
513 512 530 55 6 4
513 512 301 308 203 3 4
513 512 301 305 233 1 4
511 528 206 35 4
511 527 22 21 4
511 527 436 165 7 4
511 527 375 224 6 4
511 516 544 173 4 4
511 515 542 146 3 4
511 515 325 457 469 133 1 4
511 311 300 303 62 4 4
511 95 221 234 154 2 4
511 95 100 158 15 4
511 95 97 109 49 3 4
511 50 53 38 147 8 4
511 50 52 66 6 4
510 526 131 23 4
510 526 574 134 5 4
510 526 574 398 138 7 4
510 525 539 4 2 4
510 522 474 19 7 4
510 520 11 36 4
510 512 301 305 233 8 4
510 301 305 233 2 4
510 283 298 38 24 4
510 207 219 238 6 4
510 207 217 42 5 4
495 578 97 109 49 3 4
495 502 188 15 4
495 499 113 11 4
495 498 590 102 43 4
495 496 508 112 5 4
495 310 315 2 9 4
495 310 314 26 6 4
495 310 313 101 6 4
495 258 273 36 1 4
495 166 170 56 9 4
495 60 64 40 4 4
495 60 63 132 7 4
495 60 62 121 1 4
495 25 37 88 1 4
477 490 185 33 2
477 490 21 172 2 2
477 489 164 2 2
477 476 487 592 91 2 2
477 476 487 246 239 10 2
477 476 484 105 1 2
477 301 305 233 17 2
477 60 62 121 5 2
475 482 193 23 5
475 481 220 42 5
475 479 96 14 5
475 478 134 153 98 1 5
475 223 256 267 10 5 5
475 223 256 266 159 19 5
475 132 146 59 2 5
475 96 103 125 1 5
475 96 98 117 53 38 147 6 5
475 96 98 116 195 4 5
475 65 457 469 133 5 5
475 65 355 380 205 13 5
475 65 324 343 120 1 5
475 65 257 269 522 474 19 4 5
475 65 206 215 481 220 9 5
431 458 548 561 54 9 7
431 458 548 561 345 502 188 8 7
431 458 548 560 160 7 7
431 458 474 19 7 7
431 458 473 23 8 7
431 434 454 216 25 7
431 434 451 64 6 7
431 430 436 165 16 7
431 430 433 449 191 19 7
431 430 176 190 460 231 8 7
431 177 194 329 175 10 7
431 177 194 329 555 99 5 7
431 166 170 56 11 7
431 166 4 22 199 2 7
431 166 4 21 172 6 7
431 166 4 20 6 13 7
431 98 116 195 8 7
431 85 87 582 119 69 11 7
431 85 87 482 193 1 7
431 85 87 122 94 18 7
431 85 72 84 27 1 7
413 50 19 0
401 86 6 0
395 99 119 69 37 2
395 90 220 257 269 522 474 19 4 2
395 72 84 27 4 2
395 72 83 190 7 2
395 72 82 290 7 3 2
395 72 81 97 15 2
395 4 20 6 4 2
393 497 509 202 21 8
393 409 5 3 8
393 408 161 14 8
393 407 198 30 8
393 406 137 21 8
393 406 539 4 24 8
393 396 421 386 9 30 8
393 396 420 90 3 8
393 391 401 86 9 8
393 391 401 186 236 4 8
393 390 399 37 1 8
393 390 398 138 8 8
393 390 176 190 460 231 4 8
393 390 176 190 83 190 1 8
393 322 334 429 481 220 3 8
393 322 333 141 30 8
393 322 332 153 9 8
392 405 411 366 232 1 2
392 405 411 219 238 10 2
392 396 420 90 8 2
392 396 416 217 2 2
392 394 414 142 6 2
392 394 413 50 3 2
392 394 413 314 26 5 2
392 394 413 314 52 66 2 2
392 394 412 119 3 2
392 394 411 219 238 9 2
392 394 410 436 165 4 2
392 394 166 4 20 6 4 2
392 394 166 4 2 13 194 4 2
392 391 401 186 236 7 2
392 391 401 151 24 1 2
392 390 176 190 83 190 1 2
387 222 61 3
387 595 74 14 3
387 385 548 560 160 13 3
387 385 397 429 481 220 3 3
384 79 25 0
365 75 30 1
365 182 163 18 1
356 384 79 6 2
356 384 319 70 7 2
356 383 31 36 2
356 382 89 4 2
356 352 367 81 97 3 2
356 98 116 195 13 2
356 60 62 121 5 2
354 374 230 18 4
354 373 117 20 4
354 371 197 24 4
354 355 380 205 2 4
354 355 379 84 9 4
354 258 273 36 12 4
354 258 272 217 42 1 4
354 50 52 66 33 4
351 366 232 18 7
351 364 207 15 7
351 362 177 20 7
351 362 297 216 107 7 7
351 361 182 24 7
351 360 6 80 35 7
351 355 379 84 1 7
351 355 378 53 11 7
351 355 375 224 15 7
351 353 370 123 36 7
351 324 343 120 15 7
351 324 342 155 2 7
345 502 188 1 0
344 0 58 3
344 483 92 35 3
344 410 436 165 7 3
331 65 23 2
331 436 165 8 2
331 423 170 32 2
321 512 301 300 303 62 20 5
321 434 451 64 1 5
321 434 450 140 289 71 10 5
321 432 442 109 13 5
321 432 441 115 2 5
321 330 416 217 16 5
321 324 342 155 20 5
321 324 342 375 224 8 5
321 324 342 375 564 39 4 5
321 324 320 329 555 99 10 5
321 324 320 329 525 539 4 2 5
321 324 320 328 598 81 4 5
321 90 220 257 269 522 474 19 1 5
321 90 220 257 268 201 11 5
321 90 220 229 214 6 5
321 90 94 43 21 5
290 7 25 0
282 294 21 19 5
282 293 151 3 5
282 292 157 47 5
282 291 29 3 5
282 280 286 13 20 5
282 280 284 212 7 5
282 90 94 43 8 5
282 90 91 471 124 35 1 5
282 60 62 121 19 5
282 60 61 116 9 5
282 60 61 211 147 33 9 5
282 60 61 52 66 4 5
271 128 20 1
271 533 60 12 1
255 496 508 112 5 7
255 496 433 449 191 6 7
255 496 433 447 123 196 5 7
255 496 433 445 183 11 7
255 496 433 444 44 4 7
255 265 17 36 7
255 264 136 29 7
255 264 451 64 7 7
255 263 3 4 7
255 261 110 13 7
255 260 129 22 7
255 259 283 298 38 3 7
255 259 283 298 77 15 3 7
255 259 276 479 96 17 7
255 259 275 219 2 7
255 259 50 52 66 3 7
255 257 268 201 3 7
255 0 6 80 27 7
254 28 54 3
254 376 145 18 3
254 373 117 22 3
254 373 76 228 1 3
236 179 40 2
236 159 100 24 2
226 550 571 144 6 5
226 550 390 176 190 83 190 4 5
226 550 390 176 188 103 12 5
226 550 320 328 598 81 11 5
226 550 320 328 498 590 102 3 5
226 457 469 133 19 5
226 457 468 192 5 5
226 253 20 6 17 5
226 252 189 2 5
226 250 6 80 10 5
226 223 256 266 159 4 5
226 223 240 52 18 5
226 223 239 122 20 5
226 221 234 154 5 5
226 221 233 211 14 5
224 280 284 212 2 5
224 246 239 17 5
224 244 104 5 5
224 243 130 45 5
224 242 359 209 22 5
224 221 233 211 14 5
224 221 25 37 88 3 5
224 220 229 214 1 5
224 98 116 195 4 5
224 98 116 238 168 2 5
224 98 112 156 16 5
224 98 111 77 4 5
224 51 58 555 99 14 5
222 432 441 115 11 3
222 432 440 12 11 3
222 432 434 450 140 289 71 5 3
222 432 433 444 44 10 3
222 432 355 375 564 39 5 3
222 238 168 12 3
222 237 227 32 3
222 225 247 243 130 3 3
222 225 247 243 509 202 8 3
222 225 50 52 66 3 3
214 454 216 46 2
214 76 228 27 2
205 281 290 7 3 5
205 281 290 112 156 3 5
205 281 289 71 4 5
205 281 288 93 7 5
205 211 147 33 14 5
205 208 272 217 42 12 5
205 176 188 103 12 5
205 176 188 590 102 1 5
205 176 188 590 234 154 8 5
205 136 160 127 5 5
205 136 159 100 1 5
205 136 133 151 24 10 5
205 136 133 150 149 4 5
205 136 133 147 33 1 5
205 132 146 59 23 5
205 132 145 291 29 5 5
205 132 145 52 66 5 5
205 121 575 580 215 12 5
205 121 257 268 201 3 5
205 90 91 471 124 35 3 5
205 90 51 58 555 99 4 5
205 90 51 56 200 10 5
187 1 69 4
187 445 183 8 4
187 175 186 236 3 4
187 175 185 139 12 4
187 139 208 25 4
179 476 484 105 23 6
179 476 484 447 123 196 4 6
179 385 397 429 481 220 4 6
179 385 397 428 34 9 6
179 322 332 153 6 6
179 322 97 109 49 12 6
179 322 97 108 106 3 6
179 322 97 106 30 4 6
179 198 118 8 6
179 197 223 17 6
179 196 85 46 6
179 177 194 329 525 539 4 19 6
179 177 193 14 10 6
179 177 192 313 101 3 6
179 175 185 139 4 6
178 325 457 468 192 3 2
178 325 457 466 47 6 2
178 325 349 187 5 2
178 325 345 502 188 15 2
178 325 50 52 66 3 2
178 221 25 37 88 3 2
178 221 25 37 590 234 154 1 2
178 221 25 35 152 11 2
178 195 428 34 2 2
178 180 200 162 11 2
178 97 106 30 14 2
144 571 144 3 0
141 221 70 3
141 489 164 19 3
141 489 398 138 4 3
141 336 58 6 3
135 323 339 82 11 3
135 323 337 235 1 3
135 323 336 58 22 3
135 136 133 147 33 7 3
135 136 133 132 145 52 66 1 3
135 136 133 132 144 571 144 5 3
135 133 132 144 571 144 1 3
135 133 132 142 291 29 5 3
135 133 0 6 80 4 3
135 133 0 5 61 7 3
135 130 468 192 3 3
135 130 131 0 5 61 6 3
135 130 131 0 2 13 194 11 3
88 48 44 2
88 377 174 10 2
88 94 291 29 9 2
71 497 509 202 2 8
71 456 464 552 402 204 10 8
71 456 463 46 11 8
71 456 457 466 47 3 8
71 397 428 34 16 8
71 397 427 166 12 8
71 121 257 268 201 3 8
71 121 127 20 8 8
71 121 51 56 200 6 8
71 80 178 23 8
71 78 580 215 18 8
71 77 15 17 8
71 76 228 31 8
71 75 68 16 8
71 65 206 213 229 20 8
71 65 120 123 196 1 8
71 65 120 122 94 1 8
71 65 68 168 153 98 3 8
71 65 66 76 24 8
70 458 473 23 3 4
70 458 457 466 47 12 4
70 458 457 466 103 125 6 4
70 458 207 217 42 8 4
70 458 26 38 147 3 4
70 323 336 58 4 4
70 323 335 144 571 144 1 4
70 323 320 328 498 590 234 154 2 4
70 323 320 327 225 4 4
70 323 320 326 237 4 4
70 207 217 42 13 4
70 207 216 107 20 4
70 175 185 139 9 4
70 175 185 303 62 3 4
70 175 183 124 4 4
70 73 327 225 27 4
49 249 83 38 1
49 8 184 11 1
47 87 79 4
47 28 45 150 15 4
47 7 148 24 4
29 385 397 425 226 1 5
29 385 353 370 123 2 5
29 385 256 266 159 5 5
29 385 165 168 153 98 9 5
29 385 165 167 73 6 5
29 385 165 51 56 200 4 5
29 85 72 81 97 8 5
29 51 56 200 5 5
29 51 54 114 23 5
29 48 292 157 39 5
29 28 45 150 18 5
29 27 40 32 2 5
29 27 39 180 15 5
29 27 25 35 152 1 5
29 27 25 30 167 12 5
21 172 10 0
21 530 55 15 0
3 72 81 97 14 4
3 26 38 147 5 4
3 19 63 40 4
3 18 383 31 42 4
3 16 140 16 4
3 15 67 8 4
1 11 25 7 3
1 10 216 107 11 3
1 9 213 26 3
1 9 586 135 18 3
1 8 184 10 3
1 7 148 5 3
1 4 2 13 194 7 3
1 2 13 194 8 3
