478

576 587 528 206 9 5
576 586 135 17 5
576 583 234 7 5
576 582 246 239 22 5
576 582 119 69 18 5
576 581 108 17 5
576 578 594 57 23 5
576 578 594 275 219 1 5
576 578 592 91 16 5
576 545 552 402 204 18 5
549 577 590 102 17 3
549 577 589 41 5 3
549 569 111 16 3
549 568 16 10 3
549 567 186 15 3
549 566 8 24 3
549 547 558 171 5 3
549 310 316 329 175 2 3
548 564 39 36 5
548 561 54 29 5
548 561 345 502 188 8 5
548 560 160 20 5
548 545 552 402 204 2 5
548 545 551 45 13 5
548 458 474 19 7 5
548 458 473 23 11 5
548 458 457 469 133 9 5
548 385 577 589 41 14 5
516 544 173 41 3
516 513 537 84 27 37 3
516 513 536 560 160 2 3
511 528 206 35 4
511 527 22 21 4
511 527 436 165 7 4
511 527 375 224 6 4
511 515 542 146 8 4
511 513 536 560 160 13 4
511 513 536 469 133 4 4
511 513 535 83 190 3 4
511 95 221 234 154 4 4
511 95 100 158 15 4
511 95 97 109 49 1 4
510 526 131 23 5
510 526 574 134 17 5
510 525 539 4 2 5
510 523 176 40 5
510 522 474 19 7 5
510 520 11 36 5
510 512 530 55 6 5
510 512 301 308 203 2 5
510 301 308 203 1 5
510 301 305 233 1 5
510 283 298 38 15 5
495 578 592 91 3 3
495 502 188 15 3
495 499 113 11 3
495 498 590 102 43 3
495 310 316 329 175 2 3
495 310 315 2 12 3
495 310 313 101 5 3
495 166 476 487 78 1 3
495 166 173 8 184 8 3
478 494 573 210 14 2
478 476 487 78 9 2
478 458 457 469 133 12 2
478 458 280 286 13 3 2
478 458 207 219 238 9 2
478 458 207 217 42 1 2
478 458 90 545 551 45 6 2
478 458 90 257 270 18 3 2
478 354 374 230 1 2
478 301 305 233 15 2
478 134 154 374 230 1 2
478 134 153 98 1 2
475 482 193 23 7
475 481 220 42 7
475 479 96 14 7
475 223 256 267 10 10 7
475 223 256 266 159 16 7
475 96 103 125 1 7
475 96 98 116 195 8 7
475 65 432 442 109 12 7
475 65 355 380 205 13 7
475 65 257 269 522 474 19 4 7
475 65 177 194 329 175 16 7
475 1 11 25 7 7
475 1 10 216 107 11 7
475 1 9 213 16 7
456 464 552 402 204 10 4
456 464 452 374 230 10 4
456 463 46 11 4
456 457 469 133 6 4
456 457 468 192 8 4
456 457 466 47 21 4
456 457 466 103 125 6 4
456 259 283 298 38 6 4
456 259 279 289 71 15 4
456 259 276 479 96 17 4
456 259 275 219 2 4
456 71 121 575 580 215 7 4
433 496 578 592 91 2 3
433 496 578 579 599 479 96 5 3
433 496 545 551 45 10 3
433 496 508 112 9 3
433 449 191 25 3
433 447 484 105 9 3
433 447 123 196 9 3
433 445 183 11 3
433 444 44 14 3
433 432 442 109 1 3
431 458 90 220 257 269 522 474 19 15 6
431 458 90 220 229 214 4 6
431 458 26 38 147 9 6
431 434 454 216 16 6
431 430 436 165 16 6
431 430 176 190 460 231 12 6
431 430 176 190 83 190 7 6
431 430 176 188 103 8 6
431 177 194 329 175 7 6
431 177 194 329 555 99 2 6
431 177 193 14 6 6
431 166 173 8 184 10 6
431 166 170 56 22 6
431 98 116 195 8 6
431 85 356 383 31 4 6
431 85 89 95 15 6
431 85 88 48 6 6
431 85 87 582 119 69 6 6
413 50 22 1
413 314 26 11 1
413 314 52 66 3 1
401 86 6 0
395 394 414 142 6 3
395 394 412 119 3 3
395 394 411 366 232 1 3
395 394 411 219 238 6 3
395 99 119 69 37 3
395 99 97 109 49 7 3
395 90 220 229 214 3 3
395 90 220 227 371 197 1 3
395 72 476 487 78 1 3
395 72 84 27 23 3
395 72 83 190 5 3
393 497 509 202 3 5
393 477 490 185 22 5
393 409 5 3 5
393 408 161 14 5
393 407 198 30 5
393 406 137 21 5
393 406 539 4 24 5
393 396 421 386 9 10 5
393 391 402 204 7 5
393 390 434 454 216 5 5
393 390 399 37 1 5
393 390 398 138 8 5
392 405 411 219 238 1 2
392 396 421 386 9 1 2
392 396 420 90 9 2
392 394 411 219 238 12 2
392 394 396 420 90 2 2
392 394 396 416 217 2 2
392 394 391 402 204 2 2
392 394 166 170 56 8 2
392 394 27 41 586 135 3 2
392 391 402 204 5 2
392 391 401 86 18 2
392 391 401 186 236 11 2
392 391 401 151 24 1 2
387 222 61 3
387 595 74 14 3
387 385 577 589 41 14 3
387 385 577 589 574 134 1 3
387 385 476 487 78 1 3
385 476 487 78 3 4
385 397 428 34 11 4
385 386 9 19 4
385 353 370 123 9 4
385 283 298 38 6 4
385 283 298 77 15 9 4
385 256 266 159 8 4
385 179 198 118 8 4
385 179 197 223 7 4
385 165 168 153 98 9 4
385 165 167 73 6 4
385 85 87 582 119 69 8 4
385 85 87 482 193 1 4
385 85 87 122 94 18 4
385 85 72 83 190 1 4
385 85 72 81 97 2 4
384 79 31 1
384 319 70 7 1
365 75 30 1
365 182 163 18 1
351 366 232 18 6
351 364 207 15 6
351 362 177 20 6
351 362 297 216 107 7 6
351 361 182 24 6
351 355 380 205 2 6
351 355 379 84 10 6
351 355 378 53 11 6
351 355 377 174 3 6
351 355 376 145 1 6
351 353 370 123 29 6
351 353 356 383 31 3 6
351 352 367 81 97 3 6
351 352 356 383 31 8 6
351 324 343 120 13 6
351 221 234 154 3 6
351 221 233 211 2 6
345 502 188 1 0
344 0 58 4
344 483 92 35 4
344 410 436 165 22 4
331 65 23 2
331 436 165 8 2
331 423 170 32 2
322 334 429 481 220 10 8
322 333 141 30 8
322 332 153 15 8
322 325 349 187 5 8
322 325 345 502 188 15 8
322 320 329 555 99 4 8
322 320 329 525 539 4 21 8
322 320 328 598 81 14 8
322 225 247 243 130 11 8
322 225 222 238 168 12 8
322 225 222 237 227 7 8
322 179 197 223 10 8
322 179 196 85 37 8
322 97 109 49 17 8
322 97 108 106 2 8
322 1 9 213 10 8
322 1 7 148 5 8
321 512 301 305 233 12 5
321 512 301 300 303 62 8 5
321 434 454 216 4 5
321 434 451 64 7 5
321 432 441 115 13 5
321 432 440 12 11 5
321 432 222 237 227 12 5
321 330 416 217 16 5
321 324 343 120 3 5
321 324 342 155 22 5
321 324 342 375 224 12 5
321 90 220 227 371 197 6 5
321 90 120 126 181 8 5
321 90 94 43 16 5
290 7 31 1
290 112 156 12 1
282 294 21 19 5
282 293 151 3 5
282 292 157 47 5
282 291 29 3 5
282 281 289 71 1 5
282 280 286 13 17 5
282 280 286 196 85 9 5
282 280 284 212 7 5
282 90 94 43 3 5
282 60 579 598 81 5 5
282 60 577 589 574 134 5 5
282 60 577 579 598 81 10 5
282 60 514 541 218 4 5
282 60 514 540 51 17 5
271 128 20 1
271 533 60 12 1
255 496 508 112 17 5
255 265 17 36 5
255 264 136 29 5
255 264 451 64 7 5
255 263 3 4 5
255 261 110 13 5
255 260 129 22 5
255 258 354 374 230 5 5
255 258 273 36 13 5
255 258 272 217 42 1 5
255 257 269 522 474 19 3 5
254 28 54 3
254 376 145 14 3
254 373 117 27 3
236 179 40 2
236 159 100 24 2
226 550 574 398 138 7 4
226 550 573 210 3 4
226 550 571 144 16 4
226 550 320 328 598 81 1 4
226 550 320 328 498 590 102 4 4
226 550 320 328 498 590 234 154 1 4
226 550 320 327 225 3 4
226 476 487 78 5 4
226 254 373 117 4 4
226 253 20 6 17 4
226 252 189 2 4
226 223 256 266 159 4 4
226 223 240 52 18 4
226 223 239 122 20 4
226 221 233 211 19 4
226 177 193 14 1 4
224 280 284 212 2 5
224 246 239 17 5
224 244 104 5 5
224 243 130 37 5
224 243 509 202 8 5
224 242 359 209 22 5
224 222 237 227 4 5
224 221 233 211 7 5
224 221 25 37 88 7 5
224 221 25 37 590 234 154 1 5
224 221 25 35 152 9 5
224 98 116 195 13 5
224 98 116 238 168 2 5
224 98 112 156 7 5
224 98 111 77 4 5
214 454 216 46 2
214 76 228 28 2
206 550 320 327 225 1 4
206 550 320 326 237 4 4
206 550 175 186 236 3 4
206 550 175 185 139 1 4
206 397 428 34 16 4
206 397 427 166 12 4
206 397 425 226 1 4
206 225 222 237 227 4 4
206 215 481 220 9 4
206 215 377 174 4 4
206 213 229 20 4
206 207 217 42 2 4
206 85 72 81 97 5 4
206 65 177 193 14 3 4
206 65 120 126 181 4 4
206 65 120 124 35 1 4
206 65 120 123 196 3 4
206 65 120 122 94 1 4
206 65 68 168 153 98 5 4
206 65 66 76 20 4
205 281 289 71 3 4
205 281 288 93 7 4
205 281 97 108 106 1 4
205 281 97 106 30 8 4
205 211 147 33 14 4
205 208 272 217 42 12 4
205 176 188 103 16 4
205 176 188 590 234 154 5 4
205 136 162 523 176 6 4
205 136 162 237 227 3 4
205 136 160 127 31 4
205 136 159 100 1 4
205 121 575 580 215 6 4
205 121 575 578 579 598 81 2 4
205 121 575 578 97 106 30 7 4
187 1 69 4
187 445 183 8 4
187 175 185 139 15 4
187 139 208 25 4
180 350 577 579 598 81 6 4
180 350 359 209 16 4
180 350 358 126 6 4
180 350 354 374 230 1 4
180 202 169 6 4
180 200 162 12 4
180 177 192 313 101 3 4
180 176 188 590 234 154 4 4
180 176 133 151 24 10 4
180 176 133 150 149 4 4
180 176 133 147 33 7 4
180 28 47 87 3 4
180 28 45 150 33 4
180 4 22 199 2 4
180 4 21 172 6 4
158 72 25 0
144 571 144 3 0
141 221 70 4
141 489 164 21 4
141 489 398 138 2 4
141 336 58 13 4
135 136 158 72 6 1
135 136 133 147 33 1 1
135 136 133 132 146 59 6 1
135 133 132 146 59 17 1
135 130 468 192 3 1
135 130 131 355 376 145 3 1
135 130 131 355 375 224 11 1
135 130 131 355 375 564 39 3 1
88 48 38 1
88 377 174 3 1
88 94 43 9 1
71 121 575 578 97 106 30 3 4
71 121 257 268 201 6 4
71 121 127 20 8 4
71 80 178 23 4
71 78 580 215 19 4
71 77 15 11 4
71 76 228 31 4
71 75 68 16 4
71 65 66 76 4 4
70 323 339 82 11 4
70 323 337 235 1 4
70 323 336 58 19 4
70 323 335 144 571 144 1 4
70 207 217 42 23 4
70 207 216 107 10 4
70 175 185 139 9 4
70 175 185 303 62 3 4
70 175 183 124 4 4
70 132 146 59 2 4
70 132 145 291 29 5 4
70 132 145 52 66 6 4
70 73 327 225 27 4
60 514 540 51 12 9
60 514 540 40 32 6 9
60 477 490 185 11 9
60 477 489 398 138 2 9
60 476 487 78 7 9
60 476 487 592 91 8 9
60 476 487 246 239 10 9
60 476 484 105 8 9
60 356 383 31 21 9
60 356 382 89 4 9
60 311 476 484 105 7 9
60 311 319 70 13 9
60 311 300 303 62 20 9
60 301 300 303 62 8 9
60 257 268 201 10 9
60 222 237 227 2 9
60 64 40 15 9
60 63 132 7 9
60 62 121 30 9
60 61 116 9 9
60 61 211 147 33 9 9
60 61 52 66 3 9
60 4 21 172 2 9
60 4 20 6 21 9
60 4 2 13 194 5 9
51 497 509 202 32 4
51 90 94 43 1 4
51 90 94 291 29 9 4
51 90 91 471 124 35 4 4
51 58 555 99 27 4
51 56 200 25 4
51 54 114 23 4
50 354 373 117 11 4
50 354 371 197 17 4
50 53 143 29 4
50 53 38 147 20 4
50 52 66 48 4
49 249 83 38 1
49 8 184 11 1
47 87 76 3
47 7 148 24 3
29 48 292 157 39 2
29 27 41 586 135 3 2
29 27 40 32 2 2
29 27 39 180 15 2
29 27 25 35 152 3 2
29 27 25 30 167 12 2
21 172 10 0
21 530 55 15 0
6 80 76 3
6 586 135 12 3
3 514 540 40 32 15 6
3 514 539 4 10 6
3 310 313 101 1 6
3 72 81 97 30 6
3 26 38 147 5 6
3 19 63 40 6
3 18 383 31 42 6
3 16 140 16 6
3 15 67 8 6
0 547 558 171 16 3
0 547 558 119 69 6 3
0 547 555 99 6 3
0 257 268 201 4 3
0 207 216 107 10 3
0 133 132 144 571 144 6 3
0 133 132 142 291 29 5 3
0 131 355 375 564 39 6 3
0 5 61 13 3
0 2 13 194 25 3
