486

578 594 57 23 5
578 594 275 219 1 5
578 592 91 21 5
578 579 599 479 96 5 5
578 576 587 528 206 8 5
578 576 586 135 17 5
578 576 583 234 7 5
578 576 582 246 239 7 5
578 575 580 215 11 5
578 320 329 175 25 5
578 320 328 598 81 15 5
578 320 328 498 590 102 3 5
578 97 109 49 7 5
577 590 102 17 4
577 589 41 33 4
577 589 574 134 10 4
577 579 598 81 23 4
577 549 569 111 16 4
577 549 568 16 6 4
577 350 359 209 5 4
577 60 514 541 218 3 4
577 60 477 490 185 3 4
577 60 356 383 31 9 4
548 564 39 36 4
548 561 54 15 4
548 560 160 20 4
548 545 552 402 204 15 4
548 458 474 19 7 4
548 458 473 23 11 4
548 458 433 449 191 8 4
548 385 397 429 481 220 7 4
548 385 397 428 34 1 4
548 385 389 36 528 206 1 4
548 385 386 9 4 4
523 176 46 3
523 510 526 131 14 3
523 162 237 227 7 3
523 162 84 27 2 3
523 158 72 31 3
516 544 173 41 4
516 513 537 84 27 37 4
516 513 536 560 160 3 4
516 497 509 202 3 4
516 385 386 9 12 4
516 51 58 555 99 27 4
516 51 56 200 2 4
511 528 206 35 3
511 527 22 21 3
511 527 375 224 13 3
511 513 536 560 160 11 3
511 95 221 234 154 5 3
511 95 100 158 15 3
510 526 131 9 4
510 526 574 134 13 4
510 525 539 4 2 4
510 522 474 19 7 4
510 520 11 36 4
510 520 128 566 8 7 4
510 515 542 146 8 4
510 512 530 55 6 4
510 512 301 497 509 202 2 4
510 455 460 231 9 4
510 301 497 509 202 2 4
510 283 298 38 24 4
495 578 97 109 49 3 3
495 513 536 560 160 1 3
495 513 536 469 133 4 3
495 513 535 83 190 1 3
495 502 188 3 3
495 499 113 4 3
495 498 590 102 43 3
495 496 545 552 402 204 5 3
495 496 545 551 45 5 3
495 310 549 568 16 4 3
495 310 549 567 186 14 3
495 310 316 329 175 2 3
495 310 316 329 555 99 1 3
495 166 173 196 85 1 3
495 166 173 8 184 8 3
495 1 11 25 1 3
478 514 541 218 1 5
478 514 540 51 17 5
478 494 573 210 14 5
478 475 482 193 23 5
478 475 481 220 21 5
478 458 433 449 191 13 5
478 458 310 316 329 555 99 1 5
478 458 310 315 2 2 5
478 458 280 286 13 19 5
478 301 497 509 202 5 5
478 301 477 490 185 3 5
478 206 213 229 12 5
478 134 153 98 1 5
478 1 11 25 6 5
478 1 10 216 107 10 5
478 1 9 213 2 5
476 487 78 27 4
476 487 592 91 8 4
476 487 246 239 10 4
476 484 105 24 4
476 484 447 123 196 4 4
476 72 84 27 21 4
476 72 83 190 7 4
476 72 81 97 2 4
476 60 356 383 31 6 4
476 60 257 270 18 3 4
476 60 257 269 522 474 19 7 4
476 60 64 40 6 4
457 477 490 185 1 4
457 469 133 27 4
457 468 192 11 4
457 466 47 21 4
457 466 103 125 7 4
457 466 103 83 190 2 4
457 458 280 286 13 1 4
457 458 280 286 196 85 1 4
457 456 464 552 402 204 5 4
457 325 349 187 5 4
457 283 298 38 3 4
457 283 298 77 15 1 4
457 226 253 20 6 17 4
457 226 252 189 1 4
457 165 168 153 98 9 4
457 165 167 73 6 4
457 165 51 56 200 7 4
431 458 280 286 196 85 8 5
431 458 280 284 212 6 5
431 458 207 219 238 3 5
431 434 454 216 12 5
431 430 436 165 13 5
431 430 433 449 191 4 5
431 430 433 447 123 196 5 5
431 430 433 445 183 11 5
431 430 433 444 44 10 5
431 177 194 329 555 99 4 5
431 177 194 329 525 539 4 11 5
431 166 173 8 184 10 5
431 166 170 56 22 5
431 85 89 95 15 5
431 85 87 582 246 239 14 5
431 85 87 482 193 1 5
431 85 87 122 94 1 5
413 50 22 1
413 394 414 142 6 1
413 394 412 119 3 1
413 394 411 366 232 1 1
413 394 411 219 238 1 1
413 314 26 11 1
413 314 310 315 2 6 1
401 86 24 2
401 391 546 310 315 2 4 2
401 391 546 310 313 101 5 2
401 391 402 204 14 2
401 391 397 428 34 2 2
401 391 396 421 386 9 3 2
401 186 236 14 2
401 151 24 9 2
395 99 119 69 37 3
395 99 97 109 49 7 3
395 90 545 551 45 4 3
395 72 81 97 29 3
395 65 545 551 45 2 3
395 4 22 199 2 3
395 4 20 6 19 3
393 497 509 202 21 4
393 477 490 185 14 4
393 409 5 3 4
393 408 161 14 4
393 407 198 30 4
393 406 137 21 4
393 406 539 4 22 4
392 405 411 219 238 12 4
392 397 428 34 24 4
392 397 427 166 12 4
392 397 425 226 1 4
392 396 421 386 9 8 4
392 396 420 90 2 4
392 394 411 219 238 6 4
392 394 396 420 90 5 4
392 394 390 399 37 1 4
392 394 390 398 138 1 4
392 394 166 170 56 8 4
392 394 27 41 586 135 14 4
392 394 27 40 32 2 4
392 394 27 39 180 3 4
392 393 406 539 4 2 4
392 390 398 138 7 4
392 390 176 190 460 231 3 4
392 390 176 190 83 190 3 4
392 390 176 188 103 11 4
387 222 61 3
387 595 74 14 3
387 385 386 9 3 3
387 385 353 370 123 2 3
387 385 283 298 77 15 8 3
387 385 256 267 10 5 3
387 385 179 198 118 7 3
384 79 31 1
384 356 383 31 12 1
384 319 70 7 1
365 75 30 2
365 351 366 232 18 2
365 351 364 207 9 2
365 182 163 18 2
355 432 442 109 13 4
355 432 441 115 11 4
355 380 205 15 4
355 379 84 10 4
355 378 53 11 4
355 377 174 3 4
355 376 145 12 4
355 375 224 16 4
355 375 564 39 4 4
355 131 140 289 71 15 4
355 131 130 27 39 180 2 4
355 65 475 481 220 9 4
355 65 396 420 90 4 4
354 374 230 18 4
354 373 117 20 4
354 371 197 24 4
354 352 367 81 97 1 4
354 350 359 209 13 4
354 350 358 126 6 4
354 350 352 367 81 97 2 4
354 350 207 219 238 6 4
354 350 207 217 42 2 4
354 350 180 202 169 6 4
354 350 180 200 162 12 4
354 350 180 176 188 103 1 4
354 258 273 36 13 4
354 258 272 217 42 1 4
351 364 207 6 5
351 362 177 20 5
351 362 297 216 107 8 5
351 361 182 24 5
351 360 6 80 35 5
351 353 370 123 36 5
351 324 343 120 16 5
351 221 234 154 2 5
351 221 233 211 3 5
345 561 54 14 1
345 502 188 36 1
344 0 58 4
344 483 92 35 4
344 410 436 165 32 4
331 65 23 2
331 436 165 8 2
331 423 170 32 2
331 423 580 215 4 2
331 322 334 429 481 220 8 2
322 334 429 481 220 3 5
322 333 141 30 5
322 332 153 15 5
322 225 247 243 130 11 5
322 225 222 238 168 9 5
322 179 198 118 1 5
322 179 197 223 17 5
322 179 196 85 29 5
322 97 109 49 8 5
322 97 108 106 3 5
322 97 106 30 8 5
322 1 9 213 16 5
321 434 454 216 11 4
321 432 441 115 2 4
321 432 440 12 11 4
321 432 434 454 216 2 4
321 432 434 451 64 7 4
321 432 433 444 44 4 4
321 432 222 238 168 3 4
321 432 222 237 227 7 4
321 330 416 217 18 4
321 324 342 155 22 4
321 324 342 375 564 39 5 4
321 90 545 551 45 2 4
321 90 257 269 522 474 19 3 4
321 90 120 545 551 45 11 4
321 90 120 126 181 12 4
321 90 120 123 196 3 4
321 90 94 43 2 4
300 311 319 70 13 5
300 311 90 94 43 2 5
300 311 60 64 40 9 5
300 311 60 63 132 7 5
300 311 60 62 121 14 5
300 303 62 39 5
300 301 477 490 185 9 5
300 301 477 489 164 2 5
300 301 308 203 3 5
300 301 305 233 28 5
300 301 1 9 213 5 5
300 257 269 522 474 19 1 5
300 225 222 237 227 1 5
300 207 217 42 4 5
300 97 106 30 1 5
300 65 257 269 522 474 19 4 5
300 65 206 213 229 3 5
300 65 177 194 329 525 539 4 5 5
290 7 31 1
290 281 289 71 4 1
290 281 288 93 2 1
290 112 156 12 1
290 59 51 56 200 1 1
282 294 21 19 3
282 293 151 3 3
282 292 157 47 3
282 60 62 121 16 3
282 60 61 116 9 3
282 60 61 211 147 33 6 3
271 128 20 1
271 533 60 12 1
271 533 513 535 83 190 2 1
271 257 269 522 474 19 7 1
255 496 545 551 45 5 5
255 496 508 112 26 5
255 265 17 36 5
255 264 136 29 5
255 264 451 64 7 5
255 263 3 4 5
255 261 110 13 5
255 260 129 22 5
255 259 276 479 96 8 5
254 28 54 3
254 376 145 6 3
254 373 117 22 3
254 373 76 228 9 3
254 226 252 189 1 3
254 226 221 233 211 3 3
254 91 471 124 35 5 3
236 179 40 2
236 222 237 227 10 2
236 159 100 25 2
224 280 284 212 2 5
224 246 239 17 5
224 244 104 5 5
224 243 130 37 5
224 243 509 202 8 5
224 242 359 209 20 5
224 242 359 153 98 2 5
224 222 237 227 4 5
224 221 233 211 22 5
224 221 25 37 88 2 5
224 220 257 268 201 10 5
224 220 229 214 7 5
224 51 56 200 14 5
223 576 582 246 239 1 5
223 576 582 119 69 32 5
223 576 581 108 17 5
223 475 481 220 12 5
223 475 479 96 14 5
223 256 267 10 5 5
223 256 266 159 28 5
223 240 52 18 5
223 239 122 20 5
223 222 237 227 3 5
214 454 216 46 2
214 206 213 229 4 2
214 76 228 25 2
205 281 288 93 5 5
205 281 97 106 30 9 5
205 259 276 479 96 6 5
205 211 147 33 14 5
205 208 272 217 42 12 5
205 176 188 103 12 5
205 176 188 590 102 1 5
205 176 188 590 234 154 8 5
205 136 575 580 215 2 5
205 136 160 127 31 5
205 136 133 151 24 2 5
205 136 133 150 149 1 5
205 121 575 580 215 1 5
205 121 257 268 201 6 5
205 121 127 20 8 5
205 90 94 43 18 5
205 90 51 56 200 1 5
205 90 51 54 114 13 5
187 1 69 4
187 499 113 7 4
187 490 185 1 4
187 445 183 8 4
187 175 185 139 15 4
187 139 208 25 4
145 291 29 22 2
145 291 282 60 61 211 147 33 3 2
145 291 94 43 7 2
145 132 146 59 11 2
145 52 66 32 2
144 571 144 25 0
141 221 70 4
141 489 164 19 4
141 489 398 138 4 4
141 336 58 32 4
98 356 383 31 9 2
98 356 382 89 4 2
98 117 53 143 14 2
98 116 195 29 2
98 116 238 168 2 2
98 115 284 212 1 2
98 114 194 329 525 539 4 5 2
98 112 156 7 2
98 111 77 4 2
88 48 44 2
88 377 174 7 2
88 377 215 481 220 1 2
88 85 87 122 94 17 2
88 85 72 81 97 6 2
71 497 509 202 2 5
71 456 464 552 402 204 5 5
71 456 463 46 11 5
71 456 259 276 479 96 2 5
71 80 178 23 5
71 78 580 215 14 5
71 77 15 11 5
71 76 228 25 5
71 75 68 16 5
71 65 177 193 14 10 5
71 65 177 192 313 101 3 5
71 65 120 122 94 1 5
71 65 68 168 153 98 3 5
71 65 66 76 24 5
70 550 574 398 138 7 4
70 550 573 210 3 4
70 550 571 144 1 4
70 550 320 328 498 590 234 154 1 4
70 458 207 217 42 7 4
70 323 339 82 11 4
70 323 337 235 1 4
70 323 320 328 498 590 234 154 1 4
70 323 320 327 225 4 4
70 323 320 326 237 4 4
70 323 25 37 88 3 4
70 207 217 42 13 4
70 207 216 107 14 4
70 175 185 139 10 4
70 175 183 124 4 4
70 132 146 59 14 4
70 73 327 225 27 4
50 549 567 186 1 3
50 549 566 8 17 3
50 259 276 479 96 1 3
50 259 275 219 2 3
50 206 213 229 1 3
50 96 103 83 190 1 3
50 53 143 15 3
50 53 38 147 34 3
50 52 66 28 3
49 249 83 38 2
49 249 13 194 7 2
49 29 385 179 196 85 7 2
49 29 385 165 51 54 114 2 2
49 8 184 11 2
47 87 79 4
47 28 45 150 17 4
47 7 148 29 4
29 385 165 51 54 114 8 3
29 48 292 157 39 3
29 28 45 150 16 3
29 27 39 180 10 3
29 27 25 37 88 2 3
29 27 25 37 590 234 154 1 3
29 27 25 35 152 12 3
29 27 25 30 167 12 3
21 172 18 1
21 530 55 15 1
21 490 185 2 1
21 4 20 6 2 1
21 4 2 13 194 6 1
21 4 1 9 213 3 1
21 4 1 9 586 135 4 1
3 514 540 51 12 5
3 514 540 40 32 21 5
3 514 539 4 10 5
3 310 313 101 1 5
3 19 63 40 5
3 18 383 31 42 5
3 16 140 16 5
3 15 67 8 5
0 547 558 171 21 4
0 547 558 119 69 6 4
0 547 555 99 6 4
0 257 268 201 4 4
0 207 216 107 6 4
0 133 150 149 3 4
0 133 147 33 8 4
0 6 80 41 4
0 5 61 13 4
0 2 13 194 17 4
