144

153 6 86 4
153 136 126 135 121 4 5 4
153 136 126 128 142 59 5 4
153 136 126 128 127 159 13 4 4
153 136 36 102 103 64 57 7 4
153 136 36 38 85 16 7 4
153 130 127 159 13 11 4
153 130 127 141 41 3 4
153 130 127 139 37 16 4
153 125 131 21 34 4
153 125 130 127 139 37 1 4
153 125 130 65 79 49 6 4
153 125 129 149 42 1 4
153 118 103 64 57 7 4
153 118 103 58 3 19 4
133 11 76 4
133 152 155 159 13 5 4
133 152 155 157 8 3 4
133 152 155 156 48 3 4
133 152 130 65 79 49 6 4
133 152 130 65 78 31 2 4
133 152 130 65 72 14 6 4
133 152 130 8 1 9 12 1 4
133 125 129 149 42 10 4
133 125 129 145 10 7 4
133 125 129 144 78 31 8 4
133 125 128 127 139 37 8 4
133 125 128 127 138 25 6 4
133 125 128 127 137 47 1 4
133 125 128 110 43 5 4
133 59 63 9 4
133 59 40 64 57 3 4
133 2 143 44 13 4
133 2 108 101 115 50 1 4
133 2 108 101 113 61 25 4
116 22 22 1
116 102 103 58 3 3 1
116 73 24 35 1
104 18 55 2
104 100 107 36 34 2
104 100 105 58 5 2
104 12 88 51 22 2
104 12 2 108 101 112 52 4 2
91 26 55 3
91 69 101 112 52 4 3
91 69 90 19 7 12 3
91 69 88 51 15 3
91 69 71 99 0 8 3
91 47 35 15 3
91 47 37 155 156 48 11 3
91 47 27 19 12 3
91 3 100 105 58 2 3
91 3 60 55 11 3
91 3 23 45 13 3
89 40 59 1
89 95 98 20 1 1
87 5 77 4
87 147 27 7 4
87 147 129 144 78 31 1 4
87 69 70 96 56 4 4
87 69 68 85 16 1 4
87 69 68 70 96 56 2 4
87 69 68 70 56 96 56 3 4
87 69 67 107 36 7 4
87 69 67 71 98 20 4 4
87 69 37 155 156 48 11 4
87 69 37 38 85 16 6 4
87 35 44 23 28 4
87 35 44 139 37 1 4
87 35 43 72 14 13 4
87 35 41 9 1 4
87 35 39 40 64 57 2 4
87 13 134 126 128 110 43 3 4
87 13 134 117 64 57 8 4
87 13 134 117 48 29 8 4
87 13 3 23 45 2 4
87 13 3 18 34 6 4
80 28 71 4
80 129 144 78 31 4 4
80 129 143 44 4 4
80 129 142 59 15 4
80 129 81 62 12 4
80 66 103 58 3 5 4
80 66 67 71 97 60 1 4
80 66 65 72 14 10 4
80 53 129 81 62 9 4
80 53 79 49 17 4
80 53 79 124 38 2 4
80 53 38 85 16 4 4
80 53 38 48 29 9 4
80 5 0 158 120 124 38 11 4
80 5 0 158 120 121 4 12 4
62 2 89 5
62 46 131 21 12 5
62 46 45 39 24 5
62 46 36 38 48 29 6 5
62 40 64 57 30 5
62 40 58 3 3 5
62 40 56 96 56 6 5
62 33 120 121 4 5 5
62 33 22 155 156 48 3 5
62 33 22 155 156 58 3 3 5
62 33 22 155 71 97 60 1 5
62 33 22 155 31 33 27 5
62 33 22 98 20 6 5
62 33 22 65 72 14 3 5
62 21 31 33 4 5
62 21 26 1 3 5
62 21 20 84 53 15 5
62 21 20 84 67 71 97 60 2 5
62 21 20 41 9 6 5
62 21 20 23 45 6 5
45 39 37 1
45 139 37 4 1
45 26 1 19 1
14 32 120 5
14 154 130 8 1 9 12 2 5
14 154 58 3 6 5
14 132 15 12 5
14 132 125 128 110 43 8 5
14 132 27 19 3 5
14 132 27 21 20 23 45 3 5
14 68 70 56 96 56 1 5
14 45 18 34 37 5
14 38 48 29 22 5
14 31 33 45 5
14 3 18 34 9 5
14 3 17 156 58 3 1 5
14 3 16 54 6 5
7 17 89 4
7 103 58 3 1 4
7 78 31 3 4
7 76 65 71 97 60 2 4
7 30 37 38 48 29 7 4
7 16 54 47 4
7 0 158 120 57 46 17 4
7 0 158 120 1 9 12 3 4
7 0 151 130 8 1 9 12 4 4
7 0 151 130 1 9 12 7 4
7 0 60 55 6 4
7 0 2 108 101 112 52 2 4
7 0 2 108 101 111 30 6 4
7 0 2 108 101 109 142 59 1 4
7 0 1 9 12 2 4
