927

1184 305 58 3
1184 1172 1170 1175 961 84 8 3
1184 1172 800 808 337 1 3
1184 1088 352 18 3
1184 727 197 15 3
1171 1182 225 2 4
1171 1178 429 3 4
1171 1177 90 23 4
1171 914 934 446 1 4
1171 771 885 909 14 317 5 4
1171 771 885 908 216 6 4
1171 771 779 148 27 4
1171 771 777 430 9 4
1171 495 505 403 1 4
1171 415 557 569 351 14 4
1171 415 557 568 303 2 4
1171 415 419 83 8 4
1171 278 294 45 15 4
1171 2 14 317 6 4
1171 2 13 247 3 4
1128 1117 1132 41 3 1
1128 1110 57 41 1
1128 373 161 6 1
1121 1149 410 10 7
1121 1148 76 308 2 7
1121 1146 147 3 7
1121 1145 133 34 7
1121 1120 1143 82 9 7
1121 1120 1142 434 1 7
1121 1120 1118 1135 458 13 7
1121 1119 1139 151 7 7
1121 1119 1138 431 19 7
1121 1118 1135 458 3 7
1121 1115 1124 311 35 7
1121 1115 1123 65 5 7
1121 1115 331 345 58 1 7
1121 350 1152 1168 105 7 7
1121 350 1152 1167 448 8 7
1121 311 318 297 15 7
1121 311 317 1072 357 7 7
1121 311 316 198 330 5 7
1121 277 610 612 1 10 7
1121 2 13 247 6 7
1119 1138 431 9 2
1119 1138 925 223 5 2
1119 1137 109 31 2
1119 1136 20 30 2
1109 146 110 5
1109 1199 392 141 3 5
1109 1136 20 13 5
1109 1136 313 281 4 5
1109 259 28 20 5
1103 341 66 3
1103 334 222 21 3
1103 230 381 13 3
1093 1116 1126 157 20 4
1093 1107 91 29 4
1093 1107 92 849 257 9 4
1093 1105 369 16 4
1093 1090 620 624 427 2 4
1093 1090 106 175 184 267 4 4
1093 783 798 471 2 4
1093 783 797 183 4 4
1093 625 630 961 84 25 4
1093 625 628 423 8 4
1093 625 620 624 427 6 4
1092 1102 181 26 4
1092 1101 344 2 4
1092 1100 418 10 4
1092 1094 1113 170 1 4
1092 1057 1069 306 27 4
1092 1057 1058 1073 81 3 4
1092 1057 1058 1071 276 7 4
1092 835 880 893 193 7 4
1092 835 880 892 394 12 4
1092 396 884 905 378 7 4
1092 396 884 800 808 337 1 4
1092 227 239 464 6 4
1092 227 238 21 459 16 4
1080 1030 1038 173 17 9
1080 1030 1037 140 22 9
1080 1030 1037 634 137 2 9
1080 916 943 38 2 9
1080 916 942 409 12 9
1080 845 995 998 24 1 9
1080 845 869 776 283 21 9
1080 845 868 94 3 9
1080 800 808 337 22 9
1080 555 561 275 6 9
1080 297 610 612 1 11 9
1080 297 309 375 5 9
1080 228 244 364 19 9
1080 212 224 60 9 9
1080 212 223 233 9 9
1080 212 222 435 21 9
1080 175 184 267 9 9
1080 85 1094 1113 170 1 9
1080 85 92 849 257 13 9
1080 85 90 729 162 1 9
1080 85 87 228 244 364 1 9
1080 85 87 228 241 762 142 5 9
1080 85 87 99 421 3 9
1080 85 86 96 61 6 9
1080 45 880 892 394 4 9
1080 4 22 298 25 9
1076 595 319 21 0
1076 595 578 1151 1165 315 4 0
1070 160 46 2
1070 693 432 19 2
1070 693 157 23 10 2
1056 1066 125 41 5
1056 1065 798 471 3 5
1056 1063 291 6 5
1056 1062 339 44 5
1056 954 977 388 3 5
1056 954 975 748 270 25 5
1056 841 850 398 12 5
1056 555 561 275 2 5
1056 45 880 892 394 1 5
1056 45 49 304 11 5
1056 45 48 327 2 5
1034 1054 153 20 7
1034 1053 159 13 7
1034 1052 69 10 7
1034 1051 263 9 7
1034 1050 425 9 7
1034 1050 1164 50 1 7
1034 1049 99 25 7
1034 1048 426 28 7
1034 1047 479 12 7
1034 1033 397 410 466 6 7
1034 355 448 464 70 3 7
1034 355 361 49 27 7
1034 248 264 326 8 7
1034 190 195 36 20 7
1034 45 48 327 4 7
1034 45 47 85 5 7
1032 1041 524 395 6 4
1032 641 882 900 728 312 10 4
1032 641 882 898 244 18 4
1032 436 444 202 8 4
1032 417 424 467 5 4
1032 225 557 568 303 15 4
1032 225 495 505 403 5 4
1032 225 495 504 68 187 3 4
1032 225 233 166 9 4
1032 225 232 475 8 4
1032 130 161 54 3 4
1032 130 160 243 4 4
1032 130 131 162 365 6 4
1032 130 125 139 12 5 4
1032 105 246 257 354 20 4
1019 186 24 1
1019 1015 1021 507 331 9 1
1019 1015 1020 174 1 1
1019 1015 841 850 398 3 1
1019 769 362 13 1
1017 1171 2 13 247 17 7
1017 1171 2 13 819 195 36 12 7
1017 1057 1058 1071 276 3 7
1017 1057 1058 1071 902 155 192 1 7
1017 1057 842 854 123 2 7
1017 1057 842 853 296 8 7
1017 1030 1037 634 137 7 7
1017 1030 1036 438 33 7
1017 1016 1028 393 11 7
1017 1015 841 850 398 16 7
1017 1001 1007 185 24 7
1017 1001 1006 280 5 7
1017 1001 1005 474 11 7
1017 1001 626 634 137 6 7
1017 871 495 504 68 187 15 7
1017 871 50 57 97 22 7
1017 871 50 51 61 439 7 7
1002 1012 383 75 16 8
1002 1012 72 382 32 8
1002 1010 22 298 37 8
1002 1010 22 37 420 1 8
1002 722 731 230 7 8
1002 722 730 240 3 8
1002 557 568 303 9 8
1002 557 567 239 7 8
1002 557 565 17 7 8
1002 557 564 254 21 8
1002 497 510 238 16 8
1002 310 842 853 296 5 8
1002 276 581 609 106 2 8
1002 276 581 607 210 5 8
1002 276 581 606 342 11 8
1002 276 289 35 1 8
1002 276 287 88 14 8
1002 276 286 213 3 8
1002 211 843 855 399 1 8
1002 211 497 510 238 6 8
1002 211 497 509 404 9 8
1002 211 436 444 202 12 8
993 62 66 4
993 1178 429 30 4
993 684 415 29 4
991 316 40 1
991 372 712 376 10 1
984 177 115 4
984 452 115 7 4
984 218 234 3 4
970 93 268 25 0
958 992 10 18 3
958 990 51 8 3
958 952 969 359 28 3
958 952 967 205 19 3
958 951 962 414 1 3
958 802 1058 1071 902 155 192 6 3
958 802 818 323 2 3
958 227 238 21 459 2 3
958 227 237 292 16 3
956 988 272 21 4
956 986 380 34 4
956 957 989 265 1 4
956 953 951 962 414 17 4
956 953 226 844 866 168 3 4
956 952 967 205 6 4
956 952 966 86 9 4
956 952 964 130 15 4
956 330 340 336 936 332 19 4
955 983 165 13 2
955 981 116 22 2
955 980 340 9 2
955 978 794 372 10 2
955 665 671 660 406 9 2
955 358 377 188 12 2
940 300 87 4
940 915 939 426 4 4 4
940 491 278 33 4
940 293 241 1 4
934 446 70 4
934 433 390 8 4
934 74 252 28 4
934 74 663 6 19 4
920 260 22 1
920 911 921 461 4 1
920 911 498 514 383 1 1
920 112 64 23 1
912 926 850 398 3 5
912 925 223 20 5
912 916 942 409 13 5
912 915 939 426 4 10 5
912 915 938 203 14 5
912 915 936 332 10 5
912 911 498 514 383 18 5
912 911 498 513 1142 434 2 5
912 720 727 197 15 5
912 720 727 118 169 1 5
912 720 726 108 10 5
912 575 584 346 27 5
912 6 34 52 7 5
883 1185 1191 122 1 5
883 1118 1135 458 1 5
883 995 998 24 11 5
883 903 409 413 20 5
883 902 155 192 11 5
883 901 151 98 1 5
883 870 875 73 1 5
883 870 872 46 21 5
883 802 818 323 6 5
883 802 817 21 1 5
883 802 815 9 9 5
883 802 805 828 373 4 5
883 802 805 827 365 100 3 5
883 771 777 430 8 5
883 771 776 283 3 5
883 666 676 547 282 3 5
883 666 415 419 83 6 5
883 666 415 108 124 445 2 5
883 176 321 328 367 3 5
883 176 278 294 45 18 5
883 176 278 294 597 22 11 5
883 6 34 52 1 5
883 6 33 779 148 5 5
881 894 212 40 3
881 415 108 124 445 12 3
881 415 108 122 302 1 3
881 415 108 121 215 2 3
881 36 1118 1135 458 4 3
881 36 43 131 4 3
881 36 42 5 23 3
881 36 41 262 3 3
881 36 40 419 11 3
847 13 30 2
847 972 287 29 2
847 972 1072 1143 82 2 2
847 840 1185 1191 122 6 2
847 840 1185 1190 245 7 2
847 840 228 241 762 142 1 2
835 880 892 394 9 9
835 837 961 84 18 9
835 770 775 219 11 9
835 770 773 449 10 9
835 670 692 14 11 9
835 670 691 368 7 9
835 536 913 932 468 2 9
835 536 549 171 19 9
835 536 549 1052 69 2 9
835 536 547 282 16 9
835 516 841 850 398 4 9
835 516 535 543 128 14 9
835 516 535 542 256 13 9
835 516 535 540 165 460 2 9
835 516 535 539 411 4 9
835 516 524 395 1 9
835 497 509 404 7 9
835 497 508 440 8 9
835 468 491 278 18 9
835 468 489 204 10 9
835 382 394 338 6 9
835 382 393 1169 246 3 9
835 382 393 682 299 2 9
835 382 392 141 4 9
835 275 753 765 29 3 9
835 175 183 441 1 9
835 88 1185 1190 245 11 9
835 51 61 439 7 9
835 51 60 998 24 23 9
835 51 60 983 165 4 9
832 350 55 3
832 1042 777 430 16 3
832 984 218 234 5 3
832 704 288 8 3
832 583 348 16 3
806 1094 1113 170 11 7
806 1094 1113 571 218 4 7
806 1094 1110 57 3 7
806 1094 1110 943 38 21 7
806 834 184 11 7
806 833 136 26 7
806 831 251 9 7
806 830 220 2 7
806 801 811 371 11 7
806 801 810 231 4 7
806 801 809 242 211 2 7
806 801 802 805 827 365 100 10 7
806 801 802 805 108 121 215 3 7
806 801 800 808 337 17 7
806 801 800 803 825 118 1 7
806 699 1185 1190 245 12 7
806 699 1185 53 73 455 1 7
806 699 718 784 355 3 7
806 350 1152 1167 448 3 7
806 350 1152 321 328 367 9 7
806 350 844 866 168 5 7
806 212 222 435 4 7
806 212 222 942 409 3 7
806 212 220 437 7 7
806 212 219 33 18 7
767 400 83 4
767 1046 242 40 4
767 753 765 29 1 4
767 25 4 22 37 420 1 4
751 1000 1004 310 18 7
751 759 428 28 7
751 759 837 961 84 2 7
751 759 439 55 20 7
751 758 451 11 7
751 757 428 182 15 7
751 755 40 24 7
751 722 730 240 5 7
751 722 448 464 70 19 7
751 497 508 440 17 7
751 497 508 1052 69 8 7
751 131 162 365 3 7
751 131 134 170 325 23 7
751 108 121 215 3 7
751 1 11 259 4 7
749 387 36 2
749 872 46 26 2
749 162 365 7 2
749 162 564 254 6 2
724 917 948 417 37 5
724 917 947 178 7 5
724 742 734 408 224 5 5
724 742 361 49 13 5
724 725 748 270 20 5
724 725 247 536 547 282 1 5
724 721 729 162 6 5
724 721 728 312 9 5
724 380 644 663 6 6 5
724 380 497 508 1052 69 3 5
724 380 497 507 331 6 5
724 380 383 75 11 5
724 296 330 339 107 14 5
724 296 330 338 43 6 5
724 296 303 1139 151 6 5
714 207 86 4
714 430 78 39 4
700 63 45 2
700 1075 1058 1071 902 155 192 5 2
700 1026 199 24 2
700 695 1153 1169 246 1 2
698 1001 626 634 137 3 5
698 1001 626 633 208 9 5
698 1001 626 632 114 3 5
698 1001 446 458 478 7 5
698 1001 3 20 228 14 5
698 782 792 19 20 5
698 712 376 23 5
698 711 127 9 5
698 570 1055 1060 289 5 5
698 570 573 397 23 5
698 570 572 295 17 5
698 535 539 411 3 5
698 469 492 347 2 5
698 395 403 167 12 5
697 1170 1175 961 84 4 3
697 1170 1174 599 236 2 3
697 1170 1173 472 27 3
697 1016 1028 393 3 3
697 995 998 24 4 3
697 699 718 784 355 22 3
697 696 708 396 9 3
697 696 626 632 114 9 3
697 696 626 446 458 478 4 3
697 696 248 264 326 14 3
697 381 803 825 118 2 3
695 1153 1169 246 26 4
695 912 6 33 779 148 12 4
695 782 791 156 4 4
695 782 790 72 3 4
695 782 789 443 15 4
695 705 77 24 4
695 701 154 23 4
695 701 909 14 317 7 4
695 54 750 754 293 6 4
695 54 74 663 6 5 4
688 44 65 3
688 77 356 35 3
683 324 33 2
683 1162 150 12 2
683 964 130 8 2
683 668 45 47 85 1 2
683 171 68 13 2
669 783 797 183 9 2
669 686 487 229 16 2
669 555 561 275 7 2
669 555 558 1063 291 9 2
669 176 278 293 241 11 2
669 176 187 476 20 2
669 176 186 473 3 2
667 682 299 42 3
667 682 169 200 8 3
667 681 124 15 3
667 678 469 6 3
667 677 366 20 3
667 496 506 11 6 3
667 496 278 293 241 3 3
657 113 57 2
657 452 115 4 2
657 71 405 14 2
656 447 55 3
656 673 349 24 3
656 673 665 671 660 406 1 3
656 643 1120 1118 1135 458 16 3
650 25 50 2
650 765 29 25 2
643 1120 1118 1135 458 4 7
643 1120 1118 1134 71 2 7
643 840 228 241 762 142 12 7
643 840 228 241 165 460 2 7
643 770 773 449 7 7
643 723 737 235 5 7
643 723 736 56 9 7
643 723 736 155 192 8 7
643 723 733 57 97 10 7
643 723 535 539 411 3 7
643 661 335 4 7
643 660 406 9 7
643 658 313 27 7
643 655 164 18 7
643 570 572 295 13 7
643 570 571 218 18 7
643 398 412 392 9 7
643 190 195 36 14 7
643 190 194 336 14 7
643 190 193 209 379 6 7
643 88 1185 53 73 455 5 7
643 88 1185 53 72 382 1 7
642 652 149 25 2
642 651 385 3 2
642 649 258 18 2
642 212 219 33 15 2
642 212 218 234 14 2
641 557 564 254 10 5
641 557 563 190 12 5
641 320 1185 53 72 382 23 5
641 320 497 507 331 5 5
641 320 326 93 11 5
641 130 125 139 12 11 5
641 130 125 138 158 22 5
641 130 125 135 249 9 5
641 52 68 187 9 5
641 52 66 103 2 5
641 52 65 14 317 21 5
641 52 64 407 10 5
641 52 62 678 469 5 5
640 995 998 24 9 3
640 870 872 46 8 3
640 645 828 373 2 3
640 446 458 478 9 3
640 436 442 322 8 3
640 436 440 1066 125 10 3
640 436 440 1051 263 2 3
640 436 439 55 18 3
640 275 753 765 29 3 3
640 275 753 764 101 2 3
640 275 284 221 24 3
640 275 281 176 5 3
617 95 41 2
617 879 30 22 2
617 879 967 205 2 2
617 611 1185 53 72 382 5 2
617 611 619 48 4 2
617 96 61 1 2
586 80 45 2
586 575 584 346 7 2
586 575 583 348 3 2
586 49 304 17 2
586 49 371 334 3 2
582 175 66 4
582 928 15 9 4
582 594 264 44 4
582 575 583 348 6 4
579 599 236 44 4
579 598 453 12 4
579 580 601 76 16 4
579 225 232 475 11 4
579 225 230 381 24 4
579 225 229 269 11 4
579 134 170 584 346 7 4
578 1151 1165 315 9 5
578 1151 1164 50 1 5
578 951 962 414 9 5
578 951 961 84 7 5
578 620 624 427 14 5
578 620 126 147 152 15 5
578 620 126 144 321 19 5
578 597 22 36 5
578 597 1145 133 9 5
578 594 264 16 5
578 593 0 15 5
576 1059 1078 195 5 6
576 1059 620 51 60 983 165 5 6
576 1059 620 51 59 43 131 2 6
576 611 619 48 13 6
576 611 618 126 11 6
576 611 614 46 53 14 6
576 590 120 9 6
576 589 465 15 6
576 587 139 15 6
576 587 1062 339 3 6
576 587 1062 925 223 3 6
576 580 601 76 19 6
576 578 593 0 2 6
576 578 577 592 1164 50 12 6
576 578 577 470 913 932 468 1 6
576 578 575 583 348 1 6
576 556 995 998 24 15 6
576 556 781 788 290 1 6
576 556 781 786 416 3 6
576 447 463 201 2 6
576 447 462 462 24 6
556 781 786 416 14 3
556 562 726 108 2 3
556 562 506 11 13 3
556 562 60 983 165 14 3
556 193 209 379 23 3
556 193 208 121 1 3
556 53 72 382 20 3
556 53 69 196 13 3
538 995 998 24 6 4
538 620 51 59 43 131 3 4
538 581 606 342 4 4
538 356 498 513 1142 434 2 4
538 356 498 512 1060 289 12 4
538 356 498 511 31 11 4
538 356 369 59 16 4
538 193 208 121 17 4
538 193 207 214 11 4
538 3 20 228 4 4
538 3 19 47 14 4
538 3 18 876 1124 311 25 4
537 1118 1134 71 17 4
537 1016 1028 393 8 4
537 1000 1004 310 1 4
537 770 773 449 2 4
537 570 571 218 14 4
537 570 175 183 441 9 4
537 553 727 118 169 9 4
537 552 179 11 4
537 551 112 42 4
537 550 567 239 12 4
527 248 22 2
527 525 1091 1099 361 1 2
527 525 1091 1098 286 12 2
527 215 189 22 2
526 1186 1196 253 12 9
526 1186 575 583 348 3 9
526 995 997 277 16 9
526 995 996 455 191 11 9
526 995 996 454 377 10 9
526 910 918 386 2 9
526 525 1091 1098 286 11 9
526 525 1091 382 392 141 2 9
526 525 611 614 46 53 6 9
526 525 528 452 9 9
526 525 247 536 547 282 1 9
526 466 952 964 130 7 9
526 466 952 963 436 17 9
526 466 481 18 5 9
526 466 480 144 12 9
526 395 403 167 5 9
526 395 403 1137 109 1 9
526 395 401 232 1 9
526 395 399 444 11 9
526 356 365 100 16 9
526 356 364 104 3 9
526 331 345 58 6 9
526 297 309 375 12 9
526 297 308 111 21 9
526 297 308 1105 369 1 9
526 297 275 281 176 11 9
526 226 844 866 168 33 9
526 226 844 865 567 239 4 9
526 226 580 601 76 1 9
515 1016 1028 393 3 7
515 1016 1028 258 457 5 7
515 1016 1025 119 14 7
515 770 773 449 3 7
515 753 764 101 13 7
515 627 638 74 7 7
515 627 637 135 5 7
515 517 848 358 8 7
515 470 913 932 468 12 7
515 470 913 931 363 6 7
515 470 841 850 398 6 7
515 470 841 848 358 21 7
515 382 392 141 13 7
515 320 326 93 9 7
515 320 324 7 12 7
515 249 269 274 2 7
515 249 268 432 333 3 7
515 249 267 117 8 7
515 246 257 354 2 7
515 246 253 2 4 7
515 106 175 183 441 10 7
515 106 111 318 22 7
515 106 110 301 12 7
473 294 42 2
473 940 293 241 14 2
473 894 212 19 2
467 1081 1086 285 4 5
467 1081 1085 226 4 5
467 1081 1055 1060 289 30 5
467 1081 356 364 104 6 5
467 845 868 94 11 5
467 845 844 865 567 239 3 5
467 845 844 865 567 510 238 8 5
467 845 844 864 401 16 5
467 483 728 312 1 5
467 483 599 236 11 5
467 332 1152 321 328 367 1 5
467 332 382 392 141 3 5
467 332 346 3 10 5
467 246 253 2 4 5
467 246 252 96 18 5
467 246 252 75 360 11 5
467 85 86 96 61 9 5
460 266 61 2
460 944 937 915 936 332 3 2
460 936 332 11 2
458 478 21 0
458 980 340 4 0
445 468 489 204 7 6
445 468 487 229 9 6
445 468 486 92 15 6
445 468 465 476 16 9 6
445 468 321 328 367 3 6
445 455 191 5 6
445 454 377 7 6
445 453 374 24 6
445 452 115 44 6
445 451 34 8 6
445 355 361 49 10 6
445 45 46 53 34 6
418 696 248 264 326 2 4
418 495 504 68 187 5 4
418 495 502 345 32 4
418 495 51 59 43 131 2 4
418 433 390 22 4
418 432 333 27 4
418 430 78 4 4
418 428 182 7 4
418 427 37 8 4
418 426 4 13 4
418 320 324 7 3 4
416 1151 1164 50 25 2
416 1151 1161 408 13 2
416 320 324 7 6 2
416 320 323 132 11 2
416 320 278 293 241 9 2
416 320 278 293 932 468 11 2
411 227 54 2
411 244 364 15 2
411 244 361 49 6 2
409 413 25 0
396 884 800 803 825 118 12 4
396 465 476 16 12 4
396 465 475 155 192 3 4
396 465 472 89 9 4
396 465 471 284 15 4
396 409 413 5 4
396 408 224 18 4
396 408 1164 50 18 4
396 380 383 75 17 4
396 380 382 392 141 5 4
396 380 382 390 138 11 4
394 338 48 1
394 437 217 2 1
390 138 18 0
390 419 83 7 0
389 456 71 3
389 966 86 9 3
389 966 502 345 7 3
389 649 258 1 3
389 381 803 825 118 2 3
389 381 803 820 391 4 3
389 381 388 180 6 3
373 161 96 4
373 1084 240 1038 173 4 4
373 1084 240 227 237 292 13 4
373 319 32 12 4
357 1186 575 583 348 5 2
357 375 143 2 2
357 374 454 42 2
357 374 761 353 3 2
357 371 334 16 2
357 359 127 155 192 7 2
354 1004 310 15 0
354 688 77 356 10 0
343 163 32 1
343 855 399 18 1
333 1119 1136 313 281 12 3
333 435 497 507 331 10 3
333 435 437 217 26 3
333 435 437 323 132 3 3
333 348 969 359 2 3
333 348 969 808 337 2 3
333 348 624 427 11 3
333 332 346 3 14 3
333 277 610 612 1 9 3
333 277 292 87 11 3
314 129 40 3
314 1079 42 12 3
314 996 454 377 6 3
314 816 402 25 3
314 511 31 17 3
306 273 59 2
306 1024 631 194 15 2
306 297 275 281 176 1 2
295 780 880 892 394 3 4
295 780 108 121 215 6 4
295 525 247 536 547 282 5 4
295 525 247 259 28 19 4
295 446 458 980 340 4 4
295 300 145 20 4
295 300 817 21 10 4
295 299 198 34 4
295 298 320 4 4
295 211 436 439 55 5 4
295 211 436 439 1149 410 8 4
295 211 217 255 5 4
295 53 69 196 2 4
290 79 12 2
290 1146 147 10 2
290 1146 796 307 13 2
290 276 286 213 30 2
274 389 84 4
274 928 15 35 4
274 928 986 380 6 4
242 211 99 4
242 409 413 23 4
242 409 510 238 3 4
236 172 41 2
236 747 422 33 2
236 226 580 601 76 1 2
191 770 773 449 16 7
191 770 108 121 215 14 7
191 770 108 118 169 4 7
191 752 782 789 443 19 7
191 626 446 458 980 340 10 7
191 350 844 864 401 3 7
191 350 844 860 242 409 510 238 5 7
191 350 771 776 283 20 7
191 350 498 511 31 9 7
191 198 330 28 7
191 192 204 328 1 7
191 192 202 392 141 4 7
191 134 170 584 346 2 7
191 134 169 200 18 7
191 132 166 279 17 7
191 132 165 460 5 7
191 105 246 252 75 360 4 7
191 87 99 421 4 7
191 87 97 463 16 7
191 5 31 521 259 28 1 7
177 1187 1198 1069 306 10 9
177 1187 465 471 284 2 9
177 1186 575 583 348 18 9
177 1117 1132 41 19 9
177 1117 1131 135 249 8 9
177 1000 1004 310 1 9
177 1000 1003 39 13 9
177 1000 1003 1143 82 10 9
177 950 960 612 1 23 9
177 950 959 26 5 9
177 950 132 165 460 8 9
177 805 108 118 169 2 9
177 525 247 258 457 7 9
177 525 210 213 343 1 9
177 381 388 180 7 9
177 350 498 511 31 10 9
177 350 351 370 14 9
177 350 321 328 367 3 9
177 350 210 213 343 1 9
177 350 51 59 43 131 2 9
177 190 193 207 214 8 9
177 176 186 473 21 9
177 176 185 477 11 9
177 175 181 66 7 9
177 35 950 132 165 460 1 9
177 35 950 132 164 102 9 9
177 35 37 420 29 9
174 470 30 2
174 1156 412 13 2
174 1156 1150 1158 424 4 2
174 1156 1150 800 803 820 391 7 2
174 615 611 614 46 53 3 2
174 615 404 983 165 10 2
174 134 169 200 5 2
174 134 132 164 102 3 2
161 54 29 1
161 795 8 21 1
158 261 21 0
158 129 665 671 660 406 2 0
158 129 125 135 249 1 0
158 129 125 132 164 102 1 0
152 588 206 12 0
152 127 155 192 1 0
152 127 155 864 401 7 0
142 134 77 3
142 797 183 6 3
142 126 144 321 2 3
142 110 301 15 3
133 1151 1161 408 3 4
133 803 820 391 13 4
133 803 820 776 283 5 4
133 803 819 195 36 6 4
133 783 797 183 14 4
133 783 796 307 5 4
133 783 795 8 1 4
133 783 794 372 9 4
133 783 793 67 14 4
133 167 208 121 49 4
133 132 164 102 4 4
133 132 163 209 2 4
127 155 864 401 18 2
127 151 98 31 2
127 149 27 8 2
127 128 157 23 1 2
127 128 156 450 12 2
127 128 156 788 290 4 2
127 128 134 132 163 209 1 2
107 915 936 332 14 4
107 915 783 793 67 2 4
107 752 782 789 443 3 4
107 752 762 142 25 4
107 752 761 353 14 4
107 516 524 395 2 4
107 516 523 110 23 4
107 516 522 271 5 4
107 516 519 309 8 4
107 108 118 169 3 4
107 86 96 61 18 4
107 86 95 237 8 4
103 442 20 0
103 1053 159 5 0
78 155 76 4
78 1004 310 16 4
78 651 385 33 4
56 995 996 454 377 10 0
56 84 424 467 15 0
55 910 918 386 7 3
55 627 637 135 1 3
55 627 636 384 12 3
55 627 581 606 342 7 3
55 228 241 165 460 5 3
55 80 329 4 3
55 79 250 14 3
55 77 356 9 3
55 76 308 7 3
55 75 360 26 3
55 54 52 62 678 469 5 3
55 54 51 59 43 131 3 3
0 1017 644 663 6 2 5
0 1017 469 492 347 9 5
0 1017 416 320 278 293 932 468 5 5
0 1017 310 782 789 443 2 5
0 1017 310 313 281 4 5
0 1017 310 312 830 220 8 5
0 1017 106 110 301 2 5
0 721 728 312 29 5
0 721 45 46 53 7 5
0 447 462 462 4 5
0 447 1 11 259 4 5
0 447 1 10 511 31 3 5
0 250 272 433 24 5
0 250 245 397 410 466 5 5
0 250 245 106 110 301 2 5
0 5 31 521 259 28 6 5
0 5 28 314 29 5
0 5 28 318 297 5 5
