458

582 246 239 41 2
582 119 69 32 2
582 87 482 193 1 2
549 577 590 102 2 3
549 569 111 16 3
549 568 16 10 3
549 567 186 15 3
549 566 8 24 3
549 310 495 499 113 3 3
549 310 495 498 590 102 18 3
549 310 316 329 175 4 3
549 310 315 2 8 3
548 564 39 36 4
548 561 54 25 4
548 560 160 20 4
548 458 473 23 11 4
548 458 70 323 339 82 11 4
548 458 70 323 337 235 1 4
548 458 70 323 336 58 1 4
548 458 70 175 185 139 3 4
548 385 516 544 173 11 4
548 385 353 370 123 3 4
546 550 574 134 7 3
546 550 573 210 4 3
546 515 542 146 8 3
546 515 511 528 206 10 3
546 391 402 204 14 3
546 310 315 2 4 3
546 310 313 101 5 3
546 136 160 127 31 3
546 136 159 100 1 3
546 136 158 72 3 3
545 576 587 528 206 7 3
545 576 586 135 17 3
545 576 583 234 4 3
545 552 402 204 20 3
545 551 45 29 3
545 120 126 181 12 3
523 176 46 3
523 510 526 131 23 3
523 510 526 574 134 2 3
523 510 525 539 4 2 3
523 510 520 11 7 3
523 158 72 6 3
514 541 218 4 5
514 540 51 29 5
514 540 40 32 21 5
514 539 4 10 5
514 512 530 55 6 5
514 512 510 520 11 8 5
514 512 95 511 528 206 1 5
514 478 494 573 210 10 5
514 478 475 482 193 2 5
514 85 89 95 15 5
514 85 87 122 94 3 5
514 60 577 590 102 15 5
514 60 476 487 78 24 5
514 3 310 313 101 1 5
513 576 583 234 3 4
513 576 581 108 14 4
513 537 84 27 15 4
513 536 560 160 15 4
513 536 469 133 4 4
513 535 589 41 10 4
513 535 83 190 3 4
513 516 544 173 26 4
513 512 95 511 528 206 4 4
513 511 528 206 20 4
513 495 498 590 102 5 4
456 464 552 402 204 10 5
456 463 46 11 5
456 457 469 133 27 5
456 457 468 192 11 5
456 457 466 47 7 5
456 259 477 490 185 13 5
456 259 283 298 38 6 5
456 259 279 289 71 15 5
456 259 276 479 96 10 5
456 71 80 178 23 5
456 71 78 580 215 14 5
456 71 77 15 3 5
433 496 578 594 57 17 4
433 449 191 25 4
433 447 123 196 9 4
433 445 183 11 4
433 444 44 14 4
433 430 436 165 16 4
433 430 176 190 460 231 12 4
433 430 176 190 83 190 6 4
433 430 176 188 103 2 4
433 132 146 59 9 4
432 515 511 527 22 2 7
432 443 454 216 7 7
432 442 109 13 7
432 441 115 13 7
432 440 12 11 7
432 434 454 216 18 7
432 430 176 188 103 5 7
432 355 380 205 15 7
432 355 379 84 10 7
432 355 378 53 2 7
432 321 434 451 64 7 7
432 321 330 416 217 16 7
432 222 238 168 12 7
432 222 237 227 28 7
432 220 229 214 7 7
432 65 475 482 193 21 7
432 65 475 481 220 12 7
423 170 32 2
423 580 215 4 2
423 331 65 21 2
401 86 24 1
401 186 236 14 1
401 151 24 8 1
395 99 119 69 37 3
395 90 458 70 175 185 139 4 3
395 65 475 481 220 12 3
395 65 71 77 15 8 3
395 4 22 199 2 3
395 4 21 172 9 3
395 4 20 6 6 3
393 497 509 202 3 6
393 477 490 185 20 6
393 477 489 164 2 6
393 409 5 3 6
393 408 161 14 6
393 407 198 30 6
393 406 137 21 6
393 406 539 4 24 6
393 396 421 386 9 30 6
393 396 420 90 3 6
393 390 399 37 1 6
393 390 398 138 8 6
393 390 176 188 103 5 6
393 322 334 429 481 220 9 6
392 405 411 366 232 1 3
392 405 411 219 238 3 3
392 397 429 481 220 7 3
392 397 428 34 27 3
392 397 427 166 12 3
392 396 420 90 8 3
392 396 416 217 2 3
392 394 414 142 6 3
392 394 413 50 15 3
392 394 412 119 3 3
392 394 411 219 238 16 3
387 222 61 3
387 595 74 14 3
387 385 353 370 123 3 3
387 385 256 267 10 10 3
387 385 256 266 159 2 3
387 385 98 116 195 1 3
384 79 31 1
384 319 70 7 1
365 75 30 2
365 351 511 527 22 4 2
365 351 366 232 9 2
365 182 163 18 2
354 478 475 481 220 1 4
354 374 230 18 4
354 373 117 20 4
354 371 197 24 4
354 355 378 53 2 4
354 350 577 589 41 23 4
354 350 577 589 574 134 9 4
354 350 359 209 16 4
354 258 273 36 10 4
354 50 53 143 2 4
351 366 232 9 6
351 364 207 15 6
351 362 177 20 6
351 362 297 216 107 7 6
351 361 182 24 6
351 360 6 80 35 6
351 355 378 53 7 6
351 355 375 224 20 6
351 353 370 123 32 6
351 221 234 154 5 6
345 561 54 4 1
345 502 188 39 1
344 0 58 4
344 483 92 35 4
344 410 436 165 29 4
325 515 511 527 22 1 3
325 495 498 590 102 11 3
325 457 466 47 14 3
325 457 466 103 125 6 3
325 457 283 298 38 1 3
325 457 165 256 266 159 4 3
325 349 187 5 3
325 323 336 58 8 3
325 322 334 429 481 220 2 3
325 322 333 141 28 3
325 178 576 581 108 3 3
325 65 71 76 228 5 3
325 65 68 168 153 98 2 3
324 578 594 57 6 5
324 578 594 275 219 1 5
324 578 592 91 20 5
324 475 481 220 5 5
324 343 120 16 5
324 342 155 22 5
324 342 375 224 9 5
324 342 375 564 39 5 5
324 320 329 175 23 5
324 320 329 555 99 2 5
324 320 328 598 81 15 5
324 320 328 498 590 102 1 5
324 65 68 168 153 98 1 5
324 65 66 76 21 5
314 26 11 0
314 413 50 7 0
314 52 66 3 0
311 577 589 574 134 5 5
311 577 589 574 398 138 7 5
311 577 579 599 479 96 5 5
311 577 579 598 81 8 5
311 511 527 22 12 5
311 476 487 78 2 5
311 319 70 13 5
311 300 303 62 35 5
311 223 475 481 220 12 5
311 223 475 479 96 14 5
311 223 256 266 159 9 5
311 60 476 487 78 1 5
311 60 476 487 592 91 8 5
311 60 356 383 31 14 5
290 7 31 1
290 112 156 12 1
282 294 21 19 6
282 293 151 3 6
282 292 157 47 6
282 291 29 3 6
282 283 298 38 20 6
282 283 298 77 15 9 6
282 280 286 13 20 6
282 280 284 212 4 6
282 85 87 122 94 4 6
282 60 356 383 31 11 6
282 60 64 40 15 6
282 60 63 132 7 6
282 60 62 121 8 6
271 128 20 1
271 533 60 12 1
257 270 18 3 3
257 269 522 510 520 11 7 3
257 269 522 474 19 36 3
257 268 201 20 3
257 268 528 206 2 3
257 97 109 49 12 3
257 90 458 70 175 185 139 1 3
257 90 458 70 73 327 225 2 3
257 65 66 76 3 3
255 496 578 592 91 1 7
255 496 578 579 598 81 4 7
255 496 508 112 26 7
255 265 17 36 7
255 264 136 29 7
255 264 451 64 7 7
255 263 3 4 7
255 261 110 13 7
255 260 129 22 7
255 259 276 479 96 7 7
255 259 275 219 2 7
255 259 50 53 143 3 7
255 258 273 36 3 7
255 258 272 217 42 1 7
255 90 458 70 73 327 225 7 7
255 90 458 26 38 147 7 7
255 90 120 124 35 1 7
255 90 120 123 196 3 7
255 90 120 122 94 1 7
255 90 94 43 19 7
254 28 54 3
254 376 145 18 3
254 373 117 22 3
254 373 76 228 1 3
236 179 40 2
236 159 100 24 2
226 550 573 210 3 5
226 550 320 328 498 590 102 4 5
226 550 320 327 225 4 5
226 550 320 326 237 4 5
226 550 206 213 229 9 5
226 550 1 11 25 7 5
226 550 1 10 216 107 5 5
226 457 165 256 266 159 3 5
226 253 20 6 17 5
226 252 189 2 5
226 225 247 243 130 11 5
226 225 206 213 229 5 5
226 223 256 266 159 4 5
226 223 240 52 18 5
226 223 239 122 20 5
226 221 234 154 2 5
226 221 233 211 17 5
224 280 284 212 2 5
224 246 239 8 5
224 244 104 5 5
224 243 130 37 5
224 243 509 202 8 5
224 242 359 209 22 5
224 225 206 213 229 6 5
224 222 237 227 4 5
224 221 233 211 11 5
224 221 95 511 527 22 2 5
224 221 95 511 527 375 564 39 4 5
224 221 95 100 158 7 5
224 98 116 195 26 5
214 454 216 46 3
214 76 228 45 3
207 510 520 11 13 5
207 458 26 38 147 2 5
207 350 359 153 98 2 5
207 350 358 126 6 5
207 350 352 367 81 97 3 5
207 350 180 202 169 6 5
207 350 180 200 162 12 5
207 300 303 62 4 5
207 219 238 9 5
207 217 42 26 5
207 216 107 20 5
207 70 73 327 225 18 5
207 27 41 586 135 14 5
207 27 40 32 2 5
207 27 39 180 4 5
207 0 547 558 171 7 5
205 281 289 71 4 4
205 281 288 93 7 4
205 281 97 109 49 8 4
205 211 147 33 14 4
205 208 272 217 42 12 4
205 176 188 103 12 4
205 176 188 590 102 8 4
205 176 188 590 234 154 1 4
205 136 158 72 22 4
205 136 133 151 24 3 4
205 136 133 150 149 4 4
205 136 133 147 33 8 4
205 136 133 134 153 98 1 4
205 136 133 132 146 59 4 4
205 132 146 59 12 4
205 132 145 291 29 1 4
187 1 69 4
187 499 113 8 4
187 445 183 8 4
187 175 185 139 15 4
187 139 208 25 4
179 385 98 116 195 2 6
179 385 98 116 238 168 2 6
179 385 98 112 156 1 6
179 322 333 141 2 6
179 322 332 153 15 6
179 322 331 65 2 6
179 322 331 436 165 8 6
179 322 97 109 49 5 6
179 322 97 108 106 3 6
179 322 97 106 30 11 6
179 198 118 8 6
179 197 223 17 6
179 196 85 46 6
179 177 194 329 555 99 4 6
179 177 194 329 525 539 4 21 6
179 177 193 14 10 6
179 177 192 313 101 3 6
179 175 185 139 2 6
179 175 183 124 4 6
166 495 498 590 234 154 9 5
166 431 98 112 156 6 5
166 431 98 111 77 2 5
166 301 510 520 11 1 5
166 301 308 203 3 5
166 301 305 233 28 5
166 301 1 10 216 107 5 5
166 173 8 184 18 5
166 170 56 30 5
166 96 103 125 1 5
166 96 98 111 77 2 5
166 4 20 6 15 5
166 4 2 13 194 11 5
166 4 1 10 216 107 1 5
166 4 1 9 213 6 5
144 571 144 26 1
144 132 145 291 29 4 1
141 221 70 4
141 489 164 19 4
141 489 398 138 4 4
141 336 58 23 4
121 575 580 215 14 4
121 575 578 579 598 81 11 4
121 575 578 97 106 30 7 4
121 280 284 212 3 4
121 127 20 8 4
121 71 76 228 8 4
121 71 75 68 16 4
121 60 62 121 22 4
121 60 61 116 9 4
121 60 61 211 147 33 9 4
121 60 61 52 66 3 4
121 27 39 180 8 4
88 48 44 2
88 377 174 10 2
88 377 215 481 220 1 2
88 94 43 9 2
72 476 484 105 24 5
72 356 383 31 11 5
72 356 382 89 4 5
72 85 87 122 94 11 5
72 84 27 45 5
72 83 190 7 5
72 81 97 37 5
51 516 544 173 4 5
51 497 509 202 32 5
51 397 425 226 1 5
51 165 256 266 159 6 5
51 165 168 153 98 9 5
51 165 167 73 6 5
51 90 94 43 1 5
51 90 94 291 29 9 5
51 90 91 471 124 35 4 5
51 58 555 99 27 5
51 56 200 25 5
51 54 114 23 5
50 53 143 24 3
50 53 38 147 20 3
50 52 66 48 3
49 249 83 38 1
49 8 184 11 1
47 87 79 4
47 28 45 150 10 4
47 7 148 29 4
29 221 95 100 158 8 3
29 48 292 157 39 3
29 28 45 150 23 3
29 27 39 180 3 3
29 27 25 37 88 7 3
29 27 25 37 590 234 154 1 3
29 27 25 35 152 12 3
29 27 25 30 167 1 3
21 172 9 0
21 530 55 15 0
3 26 38 147 5 4
3 19 63 40 4
3 18 383 31 42 4
3 16 140 16 4
3 15 67 8 4
0 547 558 171 14 5
0 547 558 119 69 6 5
0 547 555 99 6 5
0 133 132 145 52 66 6 5
0 133 132 142 291 29 5 5
0 27 25 30 167 11 5
0 6 80 41 5
0 5 61 13 5
0 2 13 194 19 5
0 2 1 9 213 6 5
0 1 9 213 14 5
0 1 9 586 135 4 5
