497

578 594 57 23 4
578 594 275 219 1 4
578 592 91 21 4
578 579 599 479 96 5 4
578 579 598 81 17 4
578 575 580 215 14 4
578 496 508 112 22 4
578 320 329 175 12 4
578 97 109 49 10 4
577 590 102 17 4
577 589 41 33 4
577 589 574 134 11 4
577 579 598 81 6 4
577 350 359 209 18 4
577 350 358 126 6 4
577 350 357 544 173 8 4
577 311 319 70 11 4
577 60 282 294 21 15 4
576 587 528 206 9 5
576 586 135 17 5
576 583 234 7 5
576 582 246 239 22 5
576 582 119 69 18 5
576 581 108 17 5
576 513 537 84 27 10 5
576 223 256 267 10 10 5
576 223 256 266 159 16 5
576 223 240 52 18 5
576 223 239 122 6 5
548 564 39 36 6
548 561 54 18 6
548 560 160 20 6
548 549 569 111 16 6
548 549 568 16 10 6
548 549 567 186 1 6
548 514 541 218 4 6
548 514 540 51 10 6
548 458 474 19 7 6
548 458 473 23 11 6
548 458 457 469 133 9 6
548 385 516 544 173 4 6
548 385 397 429 481 220 7 6
548 385 397 428 34 3 6
548 28 180 202 169 3 6
548 28 45 150 16 6
546 550 574 134 7 4
546 550 573 210 3 4
546 550 571 144 1 4
546 550 226 253 20 6 15 4
546 549 567 186 14 4
546 549 566 8 10 4
546 515 542 146 8 4
546 515 512 530 55 6 4
546 515 512 301 308 203 3 4
546 515 325 349 187 1 4
546 391 402 204 11 4
546 310 549 566 8 7 4
546 310 316 329 175 2 4
546 136 162 237 227 1 4
546 136 160 127 31 4
546 136 133 151 24 2 4
546 136 133 150 149 1 4
546 120 126 181 2 4
545 552 402 204 29 5
545 551 45 29 5
545 547 558 171 21 5
545 547 558 119 69 6 5
545 547 555 99 6 5
545 496 508 112 4 5
545 496 433 449 191 12 5
545 166 301 305 233 2 5
545 166 173 196 85 4 5
545 166 170 56 13 5
545 120 126 181 10 5
545 120 124 35 1 5
545 120 123 196 3 5
545 120 122 94 1 5
545 90 282 294 21 4 5
545 90 282 293 151 2 5
545 65 457 469 133 3 5
539 4 57 3
539 525 329 175 13 3
539 525 329 555 99 9 3
539 406 137 21 3
523 176 46 3
523 510 526 131 14 3
523 162 237 227 6 3
523 162 84 27 3 3
523 158 72 31 3
511 528 206 35 4
511 527 22 21 4
511 527 436 165 7 4
511 527 375 224 4 4
511 516 544 173 18 4
511 513 537 84 27 20 4
511 95 221 234 154 5 4
511 95 100 158 15 4
510 526 131 9 4
510 526 574 134 5 4
510 526 574 398 138 7 4
510 522 474 19 7 4
510 520 11 36 4
510 520 128 566 8 7 4
510 512 301 305 233 8 4
510 455 460 231 8 4
510 301 305 233 2 4
510 283 298 38 24 4
510 207 219 238 9 4
510 207 217 42 3 4
502 188 39 1
502 345 561 54 11 1
497 550 226 253 20 6 1 4
497 509 202 35 4
497 496 433 449 191 3 4
497 393 409 5 3 4
497 393 408 161 14 4
497 393 407 198 4 4
497 310 316 329 555 99 2 4
497 310 315 2 1 4
497 301 305 233 9 4
497 180 202 169 3 4
497 180 200 162 9 4
497 85 356 383 31 1 4
497 85 282 293 151 1 4
497 85 282 292 157 1 4
497 85 89 95 6 4
497 51 56 200 25 4
497 51 54 114 7 4
495 513 537 84 27 3 5
495 513 536 560 160 15 5
495 513 536 469 133 4 5
495 513 535 83 190 3 5
495 499 113 7 5
495 498 590 102 43 5
495 496 433 449 191 10 5
495 496 433 447 123 196 1 5
495 310 315 2 11 5
495 310 313 101 6 5
495 310 282 292 157 4 5
495 166 170 56 9 5
495 135 133 150 149 3 5
495 135 133 147 33 4 5
495 135 130 468 192 3 5
495 60 282 292 157 12 5
495 25 37 88 7 5
495 25 37 590 102 1 5
495 25 35 152 4 5
478 514 540 51 19 7
478 514 540 40 32 21 7
478 514 60 282 292 157 8 7
478 494 573 210 14 7
478 477 490 185 27 7
478 477 489 164 2 7
478 475 482 193 16 7
478 458 457 469 133 15 7
478 458 457 468 192 8 7
478 458 457 466 47 8 7
478 458 280 286 13 4 7
478 433 447 123 196 4 7
478 433 445 183 10 7
478 301 305 233 7 7
478 301 300 303 62 8 7
478 206 213 229 12 7
478 134 153 98 1 7
478 134 133 147 33 4 7
478 134 133 132 146 59 12 7
476 487 78 27 4
476 487 592 91 8 4
476 487 246 239 10 4
476 484 105 24 4
476 484 447 123 196 4 4
476 179 198 118 1 4
476 72 84 27 18 4
476 60 282 292 157 1 4
476 60 257 270 18 3 4
476 60 257 269 522 474 19 7 4
476 60 64 40 15 4
476 60 63 132 7 4
475 482 193 7 4
475 481 220 42 4
475 479 96 14 4
475 223 239 122 14 4
475 223 226 253 20 6 1 4
475 223 226 252 189 2 4
475 223 226 250 6 80 9 4
475 65 457 466 47 9 4
475 65 434 454 216 12 4
475 65 432 442 109 13 4
475 65 432 441 115 2 4
431 458 280 286 13 9 3
431 434 454 216 4 3
431 430 436 165 6 3
431 430 433 445 183 1 3
431 430 433 444 44 14 3
431 430 176 190 460 231 4 3
431 430 176 190 83 190 6 3
431 430 176 188 103 12 3
431 177 193 14 10 3
431 177 192 313 101 3 3
431 85 89 95 9 3
431 85 87 582 119 69 14 3
431 85 87 482 193 1 3
431 85 87 122 94 7 3
413 50 22 1
413 394 458 280 286 13 4 1
413 314 26 11 1
413 314 310 282 292 157 3 1
413 314 52 66 3 1
401 86 24 1
401 391 402 204 3 1
401 186 236 14 1
401 151 24 9 1
395 394 414 142 1 3
395 99 119 69 37 3
395 99 97 109 49 7 3
395 90 282 292 157 4 3
395 72 84 27 6 3
395 72 83 190 7 3
395 72 81 97 16 3
395 65 432 441 115 1 3
395 65 396 421 386 9 6 3
395 4 60 62 121 3 3
395 4 22 199 2 3
395 4 20 6 10 3
392 405 411 366 232 1 3
392 397 428 34 11 3
392 396 421 386 9 5 3
392 396 420 90 5 3
392 394 414 142 5 3
392 394 412 119 3 3
392 394 411 219 238 19 3
392 394 396 420 90 5 3
392 394 166 170 56 8 3
392 393 407 198 2 3
392 390 434 454 216 9 3
392 390 434 451 64 3 3
392 390 399 37 1 3
392 390 398 138 8 3
392 390 393 407 198 3 3
392 311 319 70 2 3
392 311 300 303 62 2 3
392 311 60 62 121 8 3
387 222 61 3
387 595 74 14 3
387 385 397 428 34 13 3
387 385 397 427 166 11 3
387 385 386 9 1 3
384 79 31 1
384 356 383 31 12 1
384 319 70 7 1
365 75 30 2
365 351 366 232 18 2
365 351 364 207 9 2
365 182 163 18 2
355 380 205 15 2
355 379 84 10 2
355 378 53 11 2
355 377 174 3 2
355 376 145 4 2
355 375 224 20 2
355 131 140 289 71 2 2
355 131 0 6 80 10 2
354 374 230 18 3
354 373 117 14 3
354 371 197 24 3
354 350 357 544 173 10 3
354 350 207 217 42 16 3
354 350 180 200 162 3 3
354 258 300 303 62 1 3
354 258 273 36 13 3
354 258 272 217 42 1 3
351 364 207 6 5
351 362 177 20 5
351 362 297 216 107 7 5
351 361 182 24 5
351 360 6 80 35 5
351 353 370 123 36 5
351 352 367 81 97 3 5
351 352 356 383 31 14 5
351 221 234 154 2 5
351 221 233 211 3 5
344 0 58 4
344 483 92 35 4
344 410 436 165 32 4
331 65 23 2
331 436 165 8 2
331 423 170 32 2
331 423 580 215 4 2
331 322 393 407 198 8 2
324 385 386 9 18 5
324 385 353 370 123 2 5
324 385 283 298 38 3 5
324 385 283 298 77 15 1 5
324 343 120 16 5
324 342 155 22 5
324 342 375 224 5 5
324 342 375 564 39 9 5
324 325 349 187 4 5
324 320 329 555 99 13 5
324 320 328 598 81 15 5
324 320 328 498 590 102 3 5
324 320 328 498 590 234 154 2 5
324 320 327 225 4 5
324 320 326 237 4 5
324 65 257 269 522 474 19 4 5
324 65 206 213 229 8 5
324 65 68 168 153 98 3 5
324 65 66 76 7 5
324 60 62 121 7 5
322 393 407 198 13 5
322 334 429 481 220 8 5
322 333 141 30 5
322 332 153 15 5
322 225 247 243 130 11 5
322 225 222 238 168 8 5
322 179 198 118 7 5
322 179 197 223 17 5
322 179 196 85 22 5
322 97 109 49 8 5
322 97 108 106 3 5
322 97 106 30 8 5
321 512 301 300 303 62 20 4
321 434 451 64 4 4
321 434 450 140 289 71 7 4
321 432 441 115 10 4
321 432 440 12 11 4
321 432 222 238 168 4 4
321 432 222 237 227 11 4
321 330 416 217 18 4
321 330 416 396 420 90 1 4
321 90 282 292 157 7 4
321 90 257 269 522 474 19 3 4
321 90 220 257 269 522 474 19 8 4
321 90 220 257 268 201 4 4
321 90 220 229 214 7 4
321 90 94 43 10 4
290 7 31 1
290 281 289 71 4 1
290 281 288 93 2 1
290 112 156 12 1
271 128 20 1
271 533 60 12 1
271 257 268 201 7 1
255 265 17 36 4
255 264 136 29 4
255 264 451 64 7 4
255 263 3 4 4
255 261 110 13 4
255 260 129 22 4
255 259 283 298 77 15 6 4
255 259 279 289 71 5 4
255 257 268 201 3 4
254 28 54 3
254 376 145 14 3
254 373 117 28 3
254 91 471 124 35 4 3
236 179 40 2
236 222 237 227 10 2
236 159 100 25 2
224 280 286 13 2 4
224 246 239 17 4
224 244 104 5 4
224 243 130 37 4
224 243 509 202 8 4
224 242 359 209 20 4
224 242 359 153 98 2 4
224 222 237 227 4 4
224 221 233 211 17 4
224 51 54 114 13 4
214 454 216 46 2
214 76 228 29 2
205 281 288 93 5 4
205 281 282 292 157 1 4
205 281 97 106 30 10 4
205 259 279 289 71 1 4
205 259 276 479 96 2 4
205 211 147 33 14 4
205 208 272 217 42 12 4
205 176 188 103 12 4
205 176 188 590 234 154 9 4
205 136 133 132 146 59 13 4
205 136 133 132 145 291 29 1 4
205 136 133 0 6 80 11 4
205 132 145 291 29 1 4
205 121 257 268 201 6 4
205 121 127 20 8 4
205 90 94 43 19 4
187 1 69 4
187 499 113 4 4
187 490 185 4 4
187 445 183 8 4
187 175 185 139 15 4
187 139 208 25 4
144 571 144 25 0
141 221 70 4
141 489 164 19 4
141 489 398 138 4 4
141 336 58 32 4
98 356 383 31 9 3
98 356 382 89 4 3
98 224 51 54 114 1 3
98 117 53 143 14 3
98 116 195 29 3
98 116 238 168 2 3
98 115 284 212 8 3
98 114 194 329 555 99 9 3
98 112 156 7 3
98 111 77 4 3
98 96 256 266 159 12 3
98 96 103 125 1 3
88 48 44 2
88 377 174 7 2
88 377 215 481 220 4 2
88 94 291 29 9 2
88 85 87 122 94 11 2
71 456 464 552 402 204 1 5
71 456 463 46 11 5
71 456 457 466 47 4 5
71 456 457 466 103 125 6 5
71 456 259 276 479 96 14 5
71 397 427 166 1 5
71 397 425 226 1 5
71 80 178 23 5
71 78 580 215 14 5
71 77 15 12 5
71 76 228 30 5
71 75 68 16 5
71 65 66 76 17 5
70 458 280 286 13 1 4
70 458 280 286 196 85 9 4
70 458 280 284 212 1 4
70 458 280 282 292 157 6 4
70 458 280 282 291 29 2 4
70 458 207 217 42 7 4
70 323 339 82 11 4
70 323 337 235 1 4
70 207 216 107 20 4
70 207 0 6 80 10 4
70 175 185 139 10 4
70 175 185 303 62 3 4
70 175 183 124 3 4
70 132 145 291 29 3 4
70 132 145 52 66 6 4
70 132 142 291 29 5 4
70 73 327 225 27 4
50 259 276 479 96 1 3
50 259 275 219 2 3
50 53 143 15 3
50 53 38 147 34 3
50 52 66 48 3
49 249 83 38 1
49 249 13 194 2 1
49 8 184 10 1
47 87 79 4
47 28 45 150 17 4
47 7 148 29 4
29 516 544 173 1 4
29 385 283 298 77 15 1 4
29 385 179 196 85 11 4
29 385 165 168 153 98 9 4
29 385 165 167 73 6 4
29 221 233 211 8 4
29 85 72 81 97 11 4
29 51 54 114 2 4
29 48 292 157 39 4
29 27 40 32 2 4
29 27 39 180 15 4
29 27 25 35 152 8 4
29 27 25 30 167 12 4
21 172 18 1
21 530 55 15 1
21 490 185 2 1
21 4 20 6 11 1
21 4 2 13 194 4 1
3 514 60 62 121 12 5
3 514 60 61 116 9 5
3 514 60 61 211 147 33 9 5
3 514 60 61 52 66 1 5
3 310 282 291 29 1 5
3 72 81 97 10 5
3 60 61 52 66 2 5
3 19 63 40 5
3 18 383 31 42 5
3 16 140 16 5
3 15 67 8 5
1 550 226 250 6 80 1 4
1 301 300 303 62 5 4
1 175 183 124 1 4
1 11 25 7 4
1 10 216 107 11 4
1 9 213 26 4
1 9 586 135 18 4
1 8 184 19 4
1 4 2 13 194 7 4
1 2 13 194 8 4
1 0 5 61 13 4
1 0 2 13 194 9 4
