507

577 590 102 17 7
577 589 41 33 7
577 589 574 134 11 7
577 579 599 479 96 5 7
577 579 598 81 18 7
577 578 594 57 2 7
577 549 569 111 16 7
577 549 568 16 6 7
577 385 548 564 39 14 7
577 385 516 544 173 9 7
577 350 359 209 16 7
577 350 358 126 6 7
577 350 354 374 230 7 7
577 350 354 373 117 2 7
577 350 207 219 238 1 7
577 311 319 70 1 7
577 311 60 514 541 218 4 7
577 311 60 514 540 51 4 7
577 311 60 477 490 185 2 7
577 311 60 257 270 18 3 7
577 311 60 257 269 522 474 19 7 7
577 311 60 64 40 1 7
577 60 64 40 14 7
577 60 63 132 1 7
546 550 574 134 7 5
546 550 573 210 3 5
546 550 390 399 37 1 5
546 550 390 398 138 8 5
546 550 390 393 409 5 2 5
546 550 320 329 175 3 5
546 549 568 16 4 5
546 549 567 186 15 5
546 549 566 8 24 5
546 548 564 39 15 5
546 547 558 171 6 5
546 515 542 146 8 5
546 515 510 526 131 10 5
546 310 495 502 188 3 5
546 310 316 329 175 4 5
546 310 315 2 2 5
546 136 162 237 227 7 5
546 136 162 84 27 2 5
546 136 160 127 26 5
545 576 587 528 206 9 6
545 576 586 135 17 6
545 576 583 234 2 6
545 552 402 204 20 6
545 551 45 29 6
545 548 564 39 7 6
545 548 561 54 8 6
545 547 558 171 15 6
545 547 558 119 69 6 6
545 547 555 99 3 6
545 496 508 112 16 6
545 166 495 502 188 9 6
545 166 173 196 85 4 6
545 166 173 8 184 6 6
545 120 126 181 12 6
545 120 124 35 1 6
545 120 123 196 2 6
545 90 547 555 99 3 6
545 90 430 436 165 3 6
545 65 475 482 193 3 6
523 176 46 3
523 510 526 131 13 3
523 510 526 574 134 2 3
523 510 525 539 4 2 3
523 510 522 474 19 7 3
523 510 520 11 16 3
523 162 84 27 8 3
523 158 72 6 3
513 576 583 234 5 4
513 576 582 246 239 8 4
513 537 84 27 37 4
513 536 560 160 15 4
513 536 469 133 4 4
513 535 589 574 134 3 4
513 535 589 574 398 138 7 4
513 535 83 190 3 4
513 516 544 173 18 4
513 495 502 188 1 4
513 495 499 113 3 4
513 495 498 590 102 21 4
511 528 206 35 3
511 527 22 21 3
511 527 375 224 13 3
511 516 544 173 3 3
511 515 510 520 11 10 3
511 95 221 234 154 5 3
511 95 100 158 13 3
478 514 540 51 25 4
478 514 540 40 32 9 4
478 494 573 210 14 4
478 475 482 193 20 4
478 475 481 220 24 4
478 458 548 561 54 7 4
478 458 548 560 160 20 4
478 458 474 19 3 4
478 354 373 117 1 4
478 134 154 374 230 1 4
478 134 153 98 1 4
476 487 78 27 3
476 487 592 91 8 3
476 487 246 239 10 3
476 484 105 24 3
476 484 447 123 196 4 3
476 179 198 118 8 3
476 179 197 223 17 3
476 179 196 85 2 3
431 458 474 19 4 6
431 458 473 23 11 6
431 458 457 469 133 24 6
431 434 454 216 21 6
431 430 436 165 10 6
431 430 433 449 191 25 6
431 430 433 447 123 196 5 6
431 430 433 445 183 3 6
431 177 194 329 175 15 6
431 166 173 8 184 12 6
431 166 170 56 14 6
431 85 514 540 40 32 4 6
431 85 89 95 15 6
431 85 88 48 6 6
431 85 87 582 246 239 6 6
423 170 32 2
423 580 215 4 2
423 397 429 481 220 7 2
423 397 428 34 7 2
423 331 65 23 2
423 331 436 165 2 2
401 86 24 0
401 186 236 1 0
396 421 386 9 30 3
396 420 90 11 3
396 416 217 2 3
396 394 414 142 5 3
396 393 409 5 1 3
396 393 408 161 14 3
396 393 407 198 30 3
396 393 406 137 5 3
396 392 405 411 366 232 1 3
396 65 475 481 220 1 3
395 394 414 142 1 5
395 394 413 50 11 5
395 394 412 119 3 5
395 394 411 219 238 1 5
395 392 394 411 219 238 18 5
395 392 393 406 137 1 5
395 390 393 406 137 12 5
395 390 176 190 460 231 1 5
395 99 119 69 37 5
395 99 50 53 143 11 5
395 90 430 433 445 183 1 5
395 90 430 176 190 460 231 3 5
395 72 84 27 13 5
395 72 83 190 7 5
395 72 82 290 7 2 5
395 72 81 97 7 5
395 4 22 199 2 5
395 4 20 6 19 5
387 222 61 3
387 595 74 14 3
387 385 516 544 173 11 3
387 385 283 298 38 14 3
384 79 31 1
384 319 70 19 1
365 75 30 1
365 351 366 232 2 1
365 182 163 18 1
352 391 402 204 14 6
352 391 401 186 236 10 6
352 391 401 151 24 1 6
352 391 393 406 137 3 6
352 391 393 406 539 4 18 6
352 367 81 97 3 6
352 356 383 31 36 6
352 356 382 89 1 6
352 355 380 205 15 6
352 355 379 84 10 6
352 355 378 53 11 6
352 355 377 174 1 6
352 354 373 117 3 6
352 353 370 123 5 6
352 350 207 219 238 7 6
352 1 11 25 7 6
352 1 10 216 107 11 6
352 1 9 213 18 6
351 366 232 16 6
351 364 207 15 6
351 362 177 20 6
351 362 297 216 107 7 6
351 361 182 24 6
351 360 6 80 35 6
351 355 377 174 2 6
351 355 376 145 3 6
351 355 375 224 16 6
351 355 375 564 39 4 6
351 353 370 123 33 6
345 561 54 14 0
345 502 188 11 0
344 0 58 4
344 483 92 35 4
344 410 436 165 32 4
321 512 530 55 2 4
321 434 454 216 4 4
321 434 451 64 7 4
321 432 442 109 13 4
321 432 441 115 13 4
321 432 440 12 10 4
321 330 416 217 16 4
321 324 343 120 16 4
321 324 342 155 22 4
321 324 342 375 564 39 5 4
321 90 430 176 190 460 231 8 4
321 90 430 176 190 83 190 6 4
321 90 430 176 188 103 3 4
314 26 11 0
314 413 50 11 0
314 52 66 3 0
301 512 530 55 4 5
301 512 510 520 11 8 5
301 510 520 11 2 5
301 497 509 202 9 5
301 477 490 185 17 5
301 308 203 3 5
301 305 233 28 5
301 300 303 62 39 5
301 300 207 219 238 1 5
301 300 207 217 42 3 5
301 166 170 56 16 5
301 166 4 20 6 2 5
301 166 4 2 13 194 3 5
301 60 63 132 6 5
301 60 62 121 4 5
301 1 9 213 5 5
282 294 21 19 4
282 293 151 3 4
282 292 157 47 4
282 291 29 3 4
282 280 286 13 12 4
282 60 62 121 26 4
282 60 61 116 9 4
282 60 61 211 147 33 6 4
271 128 20 1
271 533 60 12 1
271 331 436 165 6 1
271 257 269 522 474 19 7 1
255 496 508 112 10 9
255 496 433 445 183 7 9
255 496 433 444 44 14 9
255 265 17 36 9
255 264 136 29 9
255 264 451 64 7 9
255 263 3 4 9
255 261 110 13 9
255 260 129 22 9
255 259 477 490 185 12 9
255 259 477 489 164 2 9
255 259 283 298 38 6 9
255 259 279 289 71 14 9
255 259 276 479 96 3 9
255 258 354 373 117 5 9
255 258 354 371 197 17 9
255 258 273 36 13 9
255 258 272 217 42 1 9
255 257 269 522 474 19 3 9
255 90 257 269 522 474 19 3 9
255 0 6 80 29 9
254 28 54 3
254 376 145 15 3
254 373 117 31 3
236 179 40 2
236 222 238 168 10 2
236 159 100 25 2
224 280 286 13 2 5
224 246 239 17 5
224 244 104 5 5
224 243 130 45 5
224 242 359 209 22 5
224 225 322 334 429 481 220 3 5
224 225 322 333 141 6 5
224 222 238 168 2 5
224 222 237 227 2 5
224 221 234 154 2 5
224 221 233 211 22 5
224 220 229 214 7 5
224 220 227 371 197 7 5
224 220 72 81 97 6 5
224 51 497 509 202 2 5
223 576 582 246 239 8 6
223 576 582 119 69 24 6
223 576 581 108 1 6
223 475 481 220 17 6
223 475 479 96 9 6
223 256 267 10 10 6
223 256 266 159 23 6
223 240 52 18 6
223 239 122 20 6
223 226 253 20 6 17 6
223 226 252 189 2 6
223 226 250 6 80 9 6
223 222 237 227 17 6
214 454 216 46 2
214 76 228 28 2
206 225 322 333 141 24 4
206 225 322 332 153 3 4
206 225 247 243 130 3 4
206 225 247 243 509 202 8 4
206 225 222 237 227 6 4
206 215 481 220 9 4
206 215 377 174 4 4
206 213 229 20 4
206 65 475 479 96 4 4
206 50 53 143 17 4
206 50 52 66 27 4
205 281 290 7 6 7
205 281 289 71 2 7
205 259 276 479 96 14 7
205 259 275 219 2 7
205 259 50 52 66 3 7
205 211 147 33 14 7
205 208 272 217 42 12 7
205 176 188 103 21 7
205 136 160 127 5 7
205 136 158 72 25 7
205 136 133 176 188 590 102 9 7
205 136 133 151 24 3 7
205 132 146 59 25 7
205 132 145 291 29 5 7
205 132 145 52 66 5 7
205 121 575 580 215 9 7
205 121 575 578 594 57 6 7
205 90 220 72 81 97 13 7
205 90 120 123 196 1 7
205 90 120 122 94 1 7
205 90 94 43 19 7
187 1 69 4
187 499 113 8 4
187 445 183 8 4
187 175 186 236 3 4
187 175 185 139 12 4
187 139 208 25 4
178 576 581 108 10 3
178 325 457 469 133 3 3
178 325 457 468 192 3 3
178 325 349 187 5 3
178 325 345 502 188 15 3
178 325 322 332 153 1 3
178 325 50 52 66 5 3
178 310 315 2 4 3
178 221 233 211 6 3
178 221 226 250 6 80 1 3
178 221 25 37 88 7 3
178 221 25 37 590 102 2 3
178 221 25 35 152 12 3
178 195 428 34 2 3
178 180 202 169 6 3
178 180 200 162 12 3
178 179 196 85 6 3
144 571 144 26 1
144 132 145 52 66 1 1
144 132 142 291 29 5 1
141 221 70 4
141 489 164 19 4
141 489 398 138 4 4
141 336 58 32 4
135 495 498 590 102 10 3
135 323 339 82 11 3
135 323 337 235 1 3
135 323 320 329 175 5 3
135 323 320 329 555 99 6 3
135 323 320 329 525 539 4 11 3
135 136 133 151 24 7 3
135 136 133 150 149 4 3
135 136 133 147 33 2 3
135 133 147 33 6 3
135 133 0 6 80 2 3
135 133 0 5 61 9 3
135 130 468 192 3 3
135 130 131 140 289 71 1 3
135 130 131 0 5 61 4 3
135 130 131 0 2 13 194 12 3
135 60 61 211 147 33 3 3
135 60 61 52 66 3 3
98 356 382 89 3 4
98 117 53 143 1 4
98 117 53 38 147 34 4
98 116 195 29 4
98 116 238 168 2 4
98 115 284 212 8 4
98 114 194 329 525 539 4 9 4
98 112 156 16 4
98 111 77 4 4
98 96 256 266 159 5 4
98 96 103 125 1 4
98 96 50 52 66 13 4
97 578 594 57 10 4
97 322 332 153 11 4
97 322 179 196 85 8 4
97 281 289 71 2 4
97 281 288 93 7 4
97 257 269 522 474 19 2 4
97 257 268 201 10 4
97 109 49 25 4
97 108 106 3 4
97 106 30 18 4
97 95 100 158 2 4
97 85 87 582 119 69 8 4
97 85 87 482 193 1 4
97 85 87 122 94 18 4
88 48 38 1
88 377 174 3 1
88 94 43 9 1
71 456 464 552 402 204 10 9
71 456 464 452 374 230 10 9
71 456 463 46 11 9
71 456 457 468 192 5 9
71 456 457 466 47 2 9
71 397 428 34 18 9
71 397 427 166 12 9
71 121 575 578 594 57 5 9
71 121 575 578 594 275 219 1 9
71 121 575 578 592 91 4 9
71 121 257 268 201 6 9
71 121 127 20 8 9
71 80 178 23 9
71 78 580 215 19 9
71 77 15 20 9
71 76 228 31 9
71 75 68 16 9
71 65 475 479 96 1 9
71 65 432 440 12 1 9
71 65 257 268 201 4 9
71 65 177 194 329 525 539 4 1 9
71 65 177 193 14 10 9
71 65 177 192 313 101 3 9
71 65 68 168 153 98 5 9
71 65 66 76 24 9
70 550 320 328 598 81 11 5
70 550 175 185 139 1 5
70 458 457 466 47 16 5
70 458 310 315 2 3 5
70 458 280 286 13 6 5
70 458 280 286 196 85 9 5
70 458 280 284 212 1 5
70 458 207 217 42 10 5
70 323 320 328 598 81 4 5
70 323 320 328 498 590 102 5 5
70 323 320 327 225 4 5
70 323 320 326 237 4 5
70 207 217 42 13 5
70 207 216 107 20 5
70 175 185 139 12 5
70 175 183 124 4 5
70 73 327 225 27 5
59 290 7 23 0
59 290 112 156 2 0
51 497 509 202 24 5
51 497 393 406 539 4 6 5
51 397 425 226 1 5
51 310 315 2 3 5
51 310 313 101 5 5
51 165 457 466 47 3 5
51 165 457 466 103 125 6 5
51 165 168 153 98 9 5
51 165 167 73 3 5
51 90 94 43 1 5
51 90 94 291 29 9 5
51 90 91 471 124 35 4 5
51 59 290 112 156 1 5
51 58 555 99 27 5
51 56 200 25 5
51 54 114 23 5
49 249 83 38 2
49 249 13 194 7 2
49 8 184 11 2
47 87 79 4
47 28 45 150 17 4
47 7 148 29 4
29 576 581 108 6 6
29 576 578 592 91 17 6
29 576 578 579 598 81 5 6
29 495 498 590 234 154 11 6
29 385 283 298 38 7 6
29 385 179 196 85 17 6
29 385 165 167 73 3 6
29 221 25 30 167 6 6
29 85 72 81 97 11 6
29 48 292 157 39 6
29 28 45 150 16 6
29 27 41 586 135 14 6
29 27 40 32 2 6
29 27 39 180 15 6
29 27 25 30 167 6 6
21 172 18 1
21 530 55 15 1
21 490 185 2 1
21 4 2 13 194 8 1
21 4 1 9 213 3 1
21 4 1 9 586 135 4 1
3 514 540 40 32 8 4
3 514 539 4 10 4
3 310 313 101 1 4
3 19 63 40 4
3 18 383 31 42 4
3 16 140 16 4
3 15 67 8 4
