644

797 168 92
797 274 272 239 6
797 146 208 48 24
797 796 101 8
795 106 106
795 454 39 17
795 57 729 728 261 12
795 57 280 241 20
795 796 101 4
791 249 127
791 579 330 23
791 793 196 34
784 153 104
784 428 210 39
784 143 145 251 456 457 54 3
784 143 145 716 319 42 195 5
784 143 185 120 10
784 143 216 276 277 270 6
777 352 45
777 127 60 9
777 779 778 170 27
777 778 170 16
777 778 780 237 28
774 296 73
774 176 285 19
774 2 527 277 270 14
774 775 44 31
774 773 8 7
770 155 106
770 282 344 24
770 771 17 46
770 707 287 14 5
770 707 158 137 24
770 707 706 627 228 9
770 707 351 5 10 188 5
767 140 90
767 769 244 46
766 765 308 49
763 138 22
760 161 88
760 83 214 6
760 432 62 6
759 150 82
759 761 67 35
757 245 72
757 565 178 27
757 467 437 218 8
757 247 245 114 6
757 146 208 48 3
757 146 141 152 222 25
757 146 141 155 240 19
757 146 141 161 336 1
757 704 11 12 34 8
757 704 65 246 288 6
757 704 65 68 183 184 107 4
757 704 709 776 116 51 3
757 704 709 705 28 183 5
756 325 81
755 24 73
753 265 70
751 343 150
751 58 131 182 1
751 616 158 137 4
751 703 549 93 7
745 185 101
745 316 484 487 56 6
745 316 740 764 217 17
742 256 155
742 514 516 411 208 4
742 514 515 696 695 143 1
742 514 515 562 258 12
742 514 553 94 25
742 738 173 26
742 703 549 93 10
742 703 705 28 183 9
741 31 92
741 688 687 158 7
741 738 173 30
739 68 146
739 738 173 1
731 309 141
731 735 243 23
731 734 735 243 12
731 734 735 473 59 2
724 273 70
724 725 63 263 5
724 725 722 197 13
724 722 197 3
719 166 76
719 720 721 276 16
719 717 65 39
718 246 92
718 717 65 7
711 281 80
711 23 50 93 294 19
711 712 284 22
711 710 311 35
685 118 52
685 67 65 68 183 184 107 16
685 687 158 4
685 686 12 41
685 686 687 158 5
684 99 59
684 687 158 16
684 428 210 11
677 22 46
677 54 55 117 473 59 3
677 54 50 93 294 10
677 54 50 69 204 1
677 441 452 1 25
677 678 340 15
676 53 50
675 85 85
675 85 86 277 30
675 357 428 210 1
675 357 351 5 10 188 25
671 171 86
671 455 280 241 7
671 455 458 457 54 3
671 455 457 54 31
671 661 46 11
671 83 214 8
671 673 39 775 44 1
671 672 254 30
670 169 69
668 198 65
668 31 79 16
668 300 714 111 31
668 613 303 301 95 1
663 299 119
663 94 93 294 5
663 235 233 76 32
663 661 46 31
660 81 165
660 378 377 297 14
660 378 376 377 297 12
660 662 579 330 2
660 662 27 98 23
660 662 661 46 10
660 661 46 16
654 151 61
654 656 224 7
652 190 43
652 656 224 2
652 653 305 15
651 37 42
646 216 123
646 56 672 254 4
646 56 516 411 208 6
646 56 516 518 568 145 7
646 56 50 69 204 22
644 28 49
644 161 336 10
642 174 62
642 301 95 23
642 643 162 8
641 64 176
641 169 171 170 132 6
641 489 315 1
641 355 356 184 107 12
640 41 78
640 643 162 47
638 351 72
638 140 688 687 158 10
638 140 142 775 44 6
638 140 141 161 336 5
634 346 87
634 11 12 34 11
632 112 70
632 118 48 578 69 3
632 118 453 454 39 5
632 118 121 291 26
632 681 679 322 6
632 353 228 83 24
632 353 190 279 4
632 353 356 184 107 2
632 629 293 14
625 86 57
594 156 61
594 595 25 28
594 593 427 142 12
594 517 512 458 457 54 9
592 191 78
592 773 8 15
592 591 589 212 1
592 589 212 19
587 282 59
584 313 138
584 618 185 120 28
580 280 51
576 209 127
576 569 236 2
576 577 200 13
576 516 518 568 145 12
576 516 511 773 8 8
576 574 122 28
576 573 574 122 31
575 91 86
575 445 453 454 39 4
575 445 12 34 9
575 574 122 3
575 574 698 287 19
570 225 65
570 569 236 28
557 72 135
556 321 79
556 16 247 2
556 127 60 23
556 779 778 780 237 9
556 617 618 185 120 4
556 617 618 699 698 287 9
556 617 695 143 33
554 172 54
554 131 182 24
554 553 94 9
552 49 90
552 551 223 30
552 550 268 16
548 338 147
548 95 5 19
548 12 34 50
548 549 93 36
548 546 545 549 93 8
542 202 131
542 40 164 23
542 706 627 228 14
542 706 176 285 9
542 549 93 16
541 36 70
538 133 66
538 227 70 16
538 681 679 322 7
537 316 56
537 214 230 45 11
537 214 144 16 247 5
537 214 144 190 279 3
529 345 165
529 692 267 33
529 266 306 16
529 512 458 457 54 5
525 307 127
525 62 411 208 18
525 524 337 5
520 328 163
520 125 123 287 14 9
520 125 122 10 2
520 523 599 271 27
520 523 527 277 270 11
520 522 148 31
520 521 522 148 13
507 117 115
507 653 305 49
505 32 145
505 506 229 8
503 252 168
503 188 87 41
503 501 155 240 1
503 501 155 154 71 6
500 248 118
500 696 695 143 9
500 578 69 24
499 302 68
499 63 263 29
499 170 132 2
499 498 443 446 320 292 13
499 498 443 470 469 320 7
497 84 55
497 631 208 48 13
496 18 77
496 403 687 158 2
496 495 11 11
494 295 41
494 506 229 37
491 90 66
491 489 315 40
491 444 473 59 23
491 444 440 271 356 26
488 286 45
488 64 696 695 143 3
488 108 318 24
488 108 109 157 20
488 108 107 88 4
488 211 233 76 4
488 489 315 16
482 77 163
482 722 197 9
482 487 56 3
482 486 629 293 2
482 484 487 56 34
481 131 52
481 480 266 8
475 357 90
475 536 109 157 1
475 350 127 60 21
475 350 356 184 107 4
475 350 359 43 10
474 275 108
474 598 600 290 12
474 598 600 599 271 11
474 680 679 322 5
474 301 95 39
474 444 440 271 356 4
464 221 135
464 207 3 14
464 531 15 208 48 13
464 466 213 46
463 100 124
463 291 294 327 348 4
463 466 213 27
463 465 467 437 218 2
463 465 466 213 11
462 184 68
459 327 68
459 678 340 14
459 708 569 236 16
459 708 567 565 178 5
448 127 45
438 167 129
438 437 218 9
435 342 45
435 437 218 22
426 124 92
426 389 293 683 679 322 3
426 389 293 780 237 12
426 750 616 158 137 10
426 427 142 3
424 232 51
424 730 15 11
424 271 356 8
424 26 115 37
424 141 161 336 8
423 220 161
423 395 186 21
423 312 86 277 37
423 4 432 62 5
416 353 103
416 721 276 5
416 417 115 116 51 4
416 414 6 12
415 92 106
415 605 609 207 10
415 414 6 15
413 130 123
413 414 6 31
409 125 82
409 411 208 11
409 408 234 34
409 408 407 245 114 4
402 203 99
402 692 267 11
402 211 233 76 4
400 358 91
400 470 469 320 19
400 331 259 41
400 79 109 11
397 66 118
396 269 53
396 395 186 19
396 394 165 14
387 192 84
387 16 247 2
387 386 63 9
385 319 56
385 53 511 773 8 22
385 53 50 69 204 8
385 386 63 19
385 384 97 26
383 274 187
383 0 451 160 36
383 0 368 364 257 2
383 386 63 12
381 215 69
381 720 721 276 7
381 559 705 28 183 5
375 199 74
375 705 28 183 2
375 377 297 11
370 238 96
370 176 285 32
370 369 368 364 257 11
370 369 364 257 14
370 368 364 257 1
370 367 365 368 364 257 4
370 366 129 24
370 366 369 364 257 2
370 366 364 257 5
370 364 257 1
363 21 55
363 710 311 4
363 361 310 25
349 323 96
349 595 25 1
346 242 74
346 347 549 93 3
346 342 57 8
345 176 285 6
345 342 57 37
338 187 97
338 249 252 19 12
338 230 45 18
338 337 144 190 279 23
338 337 340 528 139 14
336 341 114
336 330 298 2
336 341 340 528 139 8
336 340 528 139 1
335 194 86
335 380 169 171 170 132 5
335 380 217 697 69 204 9
334 303 84
334 283 285 432 62 2
333 300 42
333 776 116 51 24
333 799 278 29
329 163 50
329 331 259 41
329 330 298 33
329 294 327 348 16
328 52 81
328 635 636 23 15
328 330 298 37
326 326 69
326 421 419 179 96 5
326 421 419 606 112 58 12
326 323 262 35
326 294 327 348 11
321 179 111
321 320 292 45
318 20 54
318 320 292 5
310 128 64
310 93 294 36
308 331 107
297 250 52
297 296 136 12
288 333 93
288 515 562 258 1
288 515 566 563 283 3
288 515 568 145 8
288 289 287 14 12
288 289 286 40 29
288 287 14 29
288 286 40 30
281 30 113
281 282 344 12
281 280 241 9
281 279 105 41
278 29 99
278 58 131 182 2
278 217 697 69 204 3
278 217 713 26 115 14
278 217 286 40 1
275 149 63
275 237 121 38
275 472 705 28 183 5
275 472 705 245 114 5
275 272 239 46
270 226 100
270 220 696 695 143 4
270 220 219 729 728 261 3
270 469 320 8
269 80 58
269 271 356 46
268 339 60
268 266 306 38
267 359 77
267 224 227 70 6
267 629 293 36
263 13 126
263 386 63 7
263 212 51 75 50 12
263 264 35 29
259 231 51
254 175 63
254 159 89 45
248 123 57
248 252 19 39
243 82 83
242 233 166
242 257 578 69 4
242 244 566 563 283 18
242 244 643 162 27
241 219 90
241 252 19 38
241 244 643 162 11
238 205 93
238 315 327 348 4
238 610 132 131 182 4
238 610 626 147 22
238 610 141 161 336 6
238 239 433 260 14
238 237 121 12
234 272 84
234 431 433 260 16
234 450 329 21
226 189 45
226 227 70 32
223 103 53
218 324 52
205 251 106
205 299 664 108 37
203 16 110
200 27 63
198 152 94
198 64 696 695 143 4
197 551 223 9
197 196 7 28
197 195 235 31
197 195 144 190 279 4
194 146 128
194 599 271 16
189 253 63
189 188 87 4
187 304 113
187 41 567 565 178 22
187 41 567 564 565 178 4
187 41 567 563 283 5
187 41 42 195 4
187 526 528 139 11
187 188 87 19
186 33 94
186 31 79 4
178 289 140
178 179 96 43
175 116 60
175 176 285 16
168 135 33
168 170 132 22
167 201 135
167 612 639 687 158 19
166 193 123
166 95 5 1
166 165 141 161 336 2
164 0 97
164 619 110 78 3
151 26 42
151 679 322 32
147 355 70
147 551 223 8
138 42 114
138 109 157 9
138 139 135 104 26
138 135 104 47
137 177 88
137 45 672 254 3
137 626 147 11
134 211 42
133 332 55
133 58 131 182 3
129 47 73
129 12 34 2
129 128 144 2
126 110 68
126 31 79 40
126 127 60 7
124 75 162
124 771 17 26
124 440 271 356 8
124 123 287 14 10
124 123 287 286 40 12
124 122 10 39
120 349 65
120 119 121 291 14
111 4 63
111 113 317 33
111 112 58 22
111 112 110 78 8
111 110 78 23
103 38 84
103 304 430 428 210 7
103 304 301 95 27
102 350 63
102 320 292 9
102 101 347 40
102 101 75 50 7
98 255 49
96 230 38
96 624 102 26
96 607 609 207 26
96 95 5 21
89 314 132
88 134 51
88 91 87 181 22
88 90 91 87 181 8
88 90 52 95 5 19
88 90 52 58 131 182 12
88 90 52 93 294 2
84 227 49
84 46 55 11
84 213 252 19 1
82 301 123
82 780 237 45
82 174 141 47
82 81 312 35
74 206 97
74 630 40 164 31
74 71 613 303 301 95 2
73 335 57
73 72 113 35
70 126 73
70 290 249 252 19 4
70 290 710 311 4
70 290 433 260 4
70 290 298 296 136 4
59 2 128
59 62 411 208 4
59 62 63 263 19
44 154 38
44 480 266 6
44 46 55 22
43 354 178
43 672 254 42
43 659 599 271 1
43 659 107 88 11
43 659 661 46 3
43 352 578 69 17
43 292 313 334 29
43 41 42 195 5
43 4 432 62 19
43 4 680 679 322 10
35 119 96
35 128 144 33
35 34 144 190 279 5
35 34 144 190 191 61 6
32 264 75
32 355 356 184 107 13
29 9 63
25 180 72
19 74 86
19 16 247 3
17 176 163
17 518 568 145 6
17 3 340 528 139 12
17 3 99 636 23 1
17 20 16 247 25
17 18 20 16 247 15
17 16 247 2
14 73 155
14 145 716 319 42 195 1
14 145 141 161 336 27
14 16 247 10
7 159 64
7 636 23 23
7 5 10 188 1
