648

799 278 29
799 333 300 40
799 506 229 15
799 215 216 272 239 4
799 215 214 537 316 13
799 617 556 321 2
797 168 92
797 146 757 245 16
797 146 208 48 27
797 796 101 8
795 106 106
795 454 39 17
795 57 729 728 261 8
795 796 101 4
791 249 127
791 579 330 23
791 793 196 34
791 789 115 116 51 2
784 153 104
784 428 210 39
784 143 197 196 7 12
784 143 197 195 235 4
784 143 185 120 10
780 237 94
780 82 301 45
780 293 317 191 61 6
780 779 556 321 5
780 779 778 170 2
780 779 777 352 14
780 778 170 41
780 778 777 352 6
780 777 352 3
774 296 73
774 176 285 19
774 2 4 432 62 14
774 775 44 31
773 8 52
773 511 578 69 7
773 511 518 568 145 2
773 511 516 411 208 6
773 511 53 385 319 22
773 775 44 1
771 17 72
771 770 155 46
767 140 90
767 420 82 301 6
767 769 244 46
765 308 49
760 161 88
760 83 214 6
760 432 62 6
759 150 82
759 555 556 321 6
759 761 67 35
756 325 81
756 333 300 2
755 24 73
755 622 623 106 537 316 4
755 757 245 29
753 265 70
751 343 150
751 616 158 137 4
745 185 101
745 316 484 487 56 6
745 316 740 764 217 17
745 746 111 4 2
742 256 155
742 102 350 18
742 514 551 223 8
742 514 515 562 258 9
742 514 553 94 25
742 738 173 26
742 703 705 28 183 2
741 31 92
741 688 687 158 7
741 738 173 30
739 68 146
739 738 173 1
731 309 141
731 735 243 23
731 734 735 243 12
731 734 735 506 229 1
724 273 70
724 725 63 263 28
724 725 722 197 7
724 723 722 197 6
724 722 197 3
719 166 76
719 720 721 276 16
719 210 228 83 3
719 717 65 39
718 246 92
718 717 65 7
711 281 80
711 243 82 31
711 23 385 319 16
711 23 707 158 137 19
711 712 284 22
711 710 311 35
695 143 54
695 617 556 321 33
686 12 41
686 687 158 40
685 118 52
685 67 65 246 288 6
684 99 59
684 687 158 16
684 428 210 11
679 322 63
679 151 26 32
677 22 46
677 54 55 117 473 59 3
677 441 452 1 25
677 678 340 15
677 676 53 15
675 85 85
675 85 86 277 28
675 119 604 607 96 230 7
675 357 428 210 1
675 357 351 5 10 188 25
672 254 79
671 171 86
671 455 442 144 195 235 3
671 82 301 8
671 661 46 11
671 83 214 8
670 169 69
663 299 119
663 235 642 174 7
663 235 233 76 32
663 661 46 31
660 81 165
660 378 377 297 14
660 378 376 377 297 16
660 662 579 330 2
660 662 27 98 23
660 662 661 46 10
660 661 46 16
652 190 43
652 656 224 2
652 653 305 22
651 37 42
646 216 123
646 56 776 116 51 12
646 56 127 60 6
646 56 701 111 4 2
646 56 701 715 714 111 10
646 56 516 411 208 1
644 28 49
643 162 93
643 642 174 8
643 640 41 47
641 64 176
641 169 171 170 132 8
641 489 315 1
641 355 356 365 368 364 257 6
641 355 414 6 4
641 642 174 24
641 640 41 24
638 351 72
638 509 508 763 138 18
636 23 39
636 7 159 23
634 346 87
634 11 12 34 11
632 112 70
632 118 453 454 39 9
632 118 121 291 25
632 353 228 83 11
632 353 654 151 22
632 629 293 14
625 86 57
594 156 61
594 595 25 28
594 593 427 142 12
592 191 78
592 591 248 123 2
592 591 589 212 1
592 589 212 19
587 282 59
584 313 138
584 618 185 120 28
580 280 51
580 582 248 123 7
580 582 294 329 163 8
576 209 127
576 569 236 2
576 577 200 13
576 516 411 208 3
576 516 518 568 145 17
576 574 122 28
576 573 574 122 31
575 91 86
575 445 494 295 13
575 574 122 3
575 574 698 287 19
570 225 65
570 569 236 28
565 178 58
565 757 245 27
557 72 135
557 666 668 198 29
557 556 321 20
554 172 54
554 131 182 24
554 346 242 13
554 553 94 9
552 49 90
552 551 223 30
552 550 268 16
549 93 80
549 347 343 195 235 3
549 703 705 28 183 13
549 703 736 16 247 11
549 545 546 241 219 8
548 338 147
548 12 34 50
548 546 241 219 36
542 202 131
542 706 627 228 23
541 36 70
541 346 242 37
538 133 66
538 227 70 16
529 345 165
529 654 151 39
529 692 267 33
529 266 306 16
525 307 127
525 106 537 316 15
525 62 411 208 18
525 524 337 5
520 328 163
520 551 223 1
520 125 122 10 2
520 523 599 271 27
520 522 148 31
520 521 522 148 13
520 510 626 147 21
507 117 115
507 653 305 42
507 653 656 224 4
507 653 655 656 224 3
507 506 229 21
505 32 145
505 506 229 8
503 252 168
503 501 155 240 7
503 501 499 302 12
503 499 302 33
500 248 118
500 578 69 24
500 499 302 4
497 84 55
497 631 208 48 13
496 18 77
496 436 435 342 3
496 495 11 11
491 90 66
491 489 315 40
491 444 473 59 23
488 286 45
488 108 318 24
488 108 109 157 20
488 108 107 88 4
488 211 233 76 4
488 489 315 16
482 77 163
482 722 197 9
482 487 56 3
482 486 629 293 2
482 486 346 242 2
482 484 487 56 34
481 131 52
481 480 266 14
481 480 44 154 6
475 357 90
475 536 109 157 1
475 350 127 60 21
475 350 359 43 10
475 350 362 363 21 4
474 275 108
474 598 600 290 12
474 598 600 599 271 11
466 213 84
466 462 184 26
464 221 135
464 207 3 14
464 531 15 208 48 13
464 462 184 5
463 100 124
463 291 294 329 163 4
463 467 437 218 15
463 465 467 437 218 2
463 465 462 184 7
463 462 184 30
459 327 68
459 678 340 14
459 708 569 236 16
459 708 707 770 155 6
457 54 51
448 127 45
438 167 129
438 354 82 301 11
438 439 435 342 5
438 437 218 22
433 260 34
433 432 62 8
426 124 92
426 22 23 707 770 155 4
426 427 142 3
423 220 161
423 395 186 21
423 312 86 277 37
423 424 232 29
416 353 103
416 721 276 5
416 417 115 116 51 14
416 414 6 12
415 92 106
415 605 609 207 20
415 414 6 11
413 130 123
413 414 6 31
409 125 82
409 411 208 11
409 408 234 34
409 408 407 245 114 4
402 203 99
402 692 267 11
402 211 233 76 4
400 358 91
400 470 469 320 19
400 331 259 41
400 79 109 11
397 66 118
396 269 53
396 395 186 19
396 394 165 14
387 192 84
387 16 247 2
387 386 63 9
387 385 319 9
387 384 97 26
387 384 386 63 12
383 274 187
383 0 451 160 36
383 0 368 364 257 2
383 0 11 12 34 6
383 386 63 12
383 385 319 6
383 384 386 63 1
381 215 69
381 720 721 276 7
381 559 705 28 183 2
381 559 705 245 114 3
375 199 74
375 435 342 14
375 705 245 114 2
375 377 297 7
375 377 763 138 4
370 238 96
370 176 285 32
370 71 74 206 26
370 369 368 364 257 11
370 369 364 257 14
370 368 364 257 1
370 367 716 714 111 4
370 366 129 24
370 366 779 777 352 9
370 366 364 257 5
370 364 257 1
361 310 25
349 323 96
349 595 25 1
342 57 45
342 346 242 8
342 344 142 6 10 188 1
342 344 142 775 44 6
342 344 346 242 14
342 344 343 195 235 6
342 343 195 235 7
338 187 97
338 249 290 710 311 7
338 249 248 123 5
338 230 45 29
338 337 144 195 235 6
338 337 144 190 279 28
338 337 340 528 139 8
336 341 114
336 330 298 30
336 445 494 295 24
336 341 340 528 139 8
336 340 528 139 1
336 295 709 776 116 51 3
335 194 86
335 380 169 171 170 132 3
335 380 169 170 132 2
334 303 84
328 52 81
328 331 259 34
328 330 298 37
328 329 163 19
327 348 35
326 326 69
326 421 419 179 96 5
326 421 419 606 609 207 11
326 421 419 606 607 96 230 4
326 323 262 35
326 294 329 163 11
321 179 111
320 292 72
320 446 86 277 2
320 446 443 498 499 302 19
320 446 443 498 499 63 263 1
320 446 443 470 469 320 2
320 446 358 351 5 10 188 5
320 446 358 351 82 301 3
318 20 54
318 319 42 195 6
308 331 107
308 310 128 28
301 95 92
301 642 174 23
301 304 430 428 210 7
301 303 613 668 198 1
297 250 52
297 296 136 12
288 333 93
288 515 562 258 4
288 515 568 145 8
287 14 65
287 707 770 155 5
286 40 72
286 473 59 2
286 289 769 44 154 8
282 344 36
282 770 155 24
281 30 113
281 279 105 41
280 241 36
278 29 99
278 470 469 320 2
278 58 131 182 2
278 217 697 699 698 287 9
278 217 248 123 4
278 217 216 272 239 2
277 270 31
275 149 63
275 237 121 38
275 272 239 46
271 356 92
271 305 306 58 131 182 1
271 440 443 470 469 320 3
271 440 443 351 82 301 2
271 440 616 158 137 15
271 269 80 46
270 226 100
270 220 219 729 728 261 7
270 469 320 8
270 269 80 12
268 339 60
268 609 207 5
268 266 306 38
267 359 77
267 224 227 70 6
267 629 293 36
263 13 126
263 386 63 8
263 212 214 537 316 6
263 212 247 245 114 6
263 264 35 29
259 231 51
254 175 63
254 159 89 45
252 19 94
252 241 219 31
252 248 123 39
242 233 166
242 244 566 563 283 18
242 243 82 4
242 241 219 15
238 205 93
238 492 494 295 4
238 610 132 131 182 4
238 610 623 106 537 316 1
238 610 624 102 26
238 610 626 147 1
238 237 121 12
234 272 84
234 450 329 21
226 189 45
226 227 70 32
223 103 53
218 324 52
205 251 106
205 299 664 108 37
203 16 110
200 27 63
200 202 7 159 25
198 152 94
198 64 779 777 352 4
194 146 128
194 599 271 16
188 87 64
188 189 253 1
187 304 113
187 41 567 563 283 8
187 41 42 195 9
187 526 528 139 16
187 189 253 47
186 33 94
186 300 668 198 19
184 107 51
184 185 120 4
178 289 140
178 179 96 43
175 116 60
175 176 285 16
174 141 47
174 82 301 48
174 176 285 15
168 135 33
168 170 132 22
167 201 135
167 612 676 53 35
167 612 617 556 321 11
166 193 123
166 702 707 770 155 4
166 162 435 342 23
166 162 435 437 218 2
164 0 97
164 243 82 8
161 336 59
161 141 145 716 714 111 5
161 141 152 222 25
161 141 155 240 13
161 141 155 154 71 6
147 355 70
147 534 330 298 5
147 534 330 329 163 6
147 534 537 316 17
147 551 223 8
147 551 197 195 235 2
138 42 114
138 109 157 9
137 177 88
137 45 331 259 7
137 45 331 329 163 1
137 45 44 154 2
137 626 147 11
135 104 73
134 211 42
133 332 55
133 58 131 182 3
129 47 73
129 12 34 13
129 758 640 41 7
129 128 144 2
126 110 68
126 127 60 33
126 127 777 352 9
124 75 162
124 363 21 27
124 122 10 39
120 349 65
120 119 604 607 96 230 6
120 119 121 291 15
113 317 33
113 112 58 30
113 111 4 36
110 78 34
110 112 58 4
110 111 4 23
103 38 84
103 363 21 20
101 347 40
101 243 82 40
101 75 50 19
101 102 350 45
98 255 49
95 5 60
95 96 230 21
93 294 72
93 310 128 36
93 50 23 707 770 155 17
93 50 53 385 319 3
93 50 53 385 386 63 5
93 50 51 81 312 4
89 314 132
88 134 51
88 91 87 181 22
88 90 91 87 181 8
88 90 52 58 131 182 12
84 227 49
84 213 210 228 83 10
73 335 57
73 74 206 40
73 72 113 35
70 126 73
70 290 710 311 1
70 290 710 363 21 4
70 290 294 329 163 1
70 290 298 296 136 4
69 204 43
69 50 51 81 312 31
59 2 128
59 63 263 5
59 62 411 208 4
59 62 63 263 19
46 55 33
46 44 154 22
43 354 178
43 659 599 271 1
43 659 107 88 11
43 659 661 46 3
43 352 578 69 17
43 352 351 82 151 26 10
43 292 313 334 29
43 4 432 62 4
40 164 54
40 630 74 206 31
35 119 96
35 128 144 33
35 34 144 190 279 11
32 264 75
32 189 253 15
31 79 60
31 668 198 16
29 9 63
26 115 51
26 424 232 22
26 424 730 15 11
26 28 183 9
25 180 72
19 74 86
19 16 247 3
17 176 163
17 518 568 145 6
17 3 340 528 139 13
17 20 16 247 25
17 18 20 16 247 15
14 73 155
14 611 7 159 16
14 145 716 714 111 12
14 145 196 7 16
14 16 247 8
14 16 556 321 2
